Sample	1.0	2.0	3.0	4.0	5.0	6.0	7.0	8.0	9.0	>10	>50	>100	>500	>1k	>5k	>10k+	1.0	2.0	3.0	4.0	5.0	6.0	7.0	8.0	9.0	1.0	2.0	3.0	4.0	5.0	6.0	7.0	8.0	9.0	1.0	2.0	3.0	4.0	5.0	6.0	7.0	8.0	9.0	1.0	2.0	3.0	4.0	5.0	6.0	7.0	8.0	9.0	1.0	2.0	3.0	4.0	5.0	6.0	7.0	8.0	9.0	1.0	2.0	3.0	4.0	5.0	6.0	7.0	8.0	9.0	1.0	2.0	3.0	4.0	5.0	6.0	7.0	8.0	9.0	1.0	2.0	3.0	4.0	5.0	6.0	7.0	8.0	9.0	1.0	2.0	3.0	4.0	5.0	6.0	7.0	8.0	9.0	1.0	2.0	3.0	4.0	5.0	6.0	7.0	8.0	9.0	1.0	2.0	3.0	4.0	5.0	6.0	7.0	8.0	9.0
RTS0_BC_AGCAAC										28.869644096127526	4.339402659392317	6.44399213464299	1.6654769302697536	0.639671327540841	0.2634840945274474	0.0																																																																																																			
RTS0_BC_ATCGTG										21.769882307595534	3.613786353202116	7.953083089729924	2.3715971070914152	3.2429511724062032	0.4324969083314276	0.0																																																																																																			
RTS0_BC_CCACTA										27.02543088994847	4.667893834971969	7.548769351363205	2.2843223605967324	2.455094790133705	0.0	0.2670933906004404																																																																																																			
RTS0_BC_CCTATG										24.77577055153884	4.369358429872656	9.261036192680457	1.4428638199117076	5.702713321203775	1.072733205407884	0.0																																																																																																			
RTS0_BC_CGTCCG										23.336059874216886	4.748626905507692	10.548183545206445	3.5795030802317394	4.951400593424072	0.0	0.0																																																																																																			
RTS0_BC_CTTACA										25.29449857359214	4.347163816746348	7.082846465340835	2.150860933459089	2.4154118597996472	0.0	0.2917282125953713																																																																																																			
RTS0_BC_GACGCG										25.8047579321011	5.4980872746367	9.039960129469932	2.8963203343075055	3.7568346192042466	0.19291584989903093	0.276220797697188																																																																																																			
RTS0_BC_GGAGGC										23.91629789134019	5.032366878193173	10.796144794338868	4.252111009693813	4.671804443849639	0.37254368962433665	0.0																																																																																																			
RTS0_BC_GTGAGG										23.298312249874343	4.198516945244672	9.276289993035544	2.5590962278289893	3.84981744026609	0.0	0.0																																																																																																			
RTS0_BC_TAGGGG										10.227711308375145	0.0	0.0	0.0	0.0	0.0	0.0																																																																																																			
RTS0_BC_TCCTAG										23.002271795030435	4.578983479271397	11.111661766620944	3.754967746993592	6.442926912798469	0.6095458213377091	0.6567097740294504																																																																																																			
RTS0_BC_TGTTTG										26.668982133507946	5.055148611131507	8.3216252872077	2.4105226808356806	2.9961172485848384	0.0	0.28008526201965045																																																																																																			
