	12.0	13.0	14.0	15.0	16.0	17.0	18.0	19.0	20.0	21.0	22.0	23.0	24.0	25.0	26.0	27.0	28.0	29.0	30.0	31.0	32.0	33.0	34.0	35.0	36.0
RTS0_BC_AGCAAC	2.0	2.0	4.0	33.0	238.0	1355.0	5361.0	15025.0	32334.0	59130.0	94095.0	128848.0	152134.0	161771.0	189507.0	231803.0	256600.0	262589.0	232494.0	187048.0	138725.0	68363.0	13725.0	1797.0	106.0
	11.0	12.0	13.0	14.0	15.0	16.0	17.0	18.0	19.0	20.0	21.0	22.0	23.0	24.0	25.0	26.0	27.0	28.0	29.0	30.0	31.0	32.0	33.0	34.0	35.0	36.0
RTS0_BC_ATCGTG	1.0	1.0	4.0	6.0	27.0	215.0	1391.0	6353.0	21308.0	51928.0	100334.0	165125.0	225377.0	232429.0	188564.0	187103.0	215467.0	239101.0	250975.0	228586.0	192665.0	159146.0	92967.0	23208.0	3825.0	114.0
	11.0	12.0	13.0	14.0	15.0	16.0	17.0	18.0	19.0	20.0	21.0	22.0	23.0	24.0	25.0	26.0	27.0	28.0	29.0	30.0	31.0	32.0	33.0	34.0	35.0	36.0
RTS0_BC_CCACTA	1.0	1.0	3.0	8.0	37.0	229.0	1523.0	7515.0	23269.0	54539.0	105376.0	174100.0	246569.0	291535.0	304613.0	349714.0	419631.0	461860.0	465416.0	399327.0	314439.0	232085.0	117288.0	25620.0	3614.0	133.0
	14.0	15.0	16.0	17.0	18.0	19.0	20.0	21.0	22.0	23.0	24.0	25.0	26.0	27.0	28.0	29.0	30.0	31.0	32.0	33.0	34.0	35.0	36.0
RTS0_BC_CCTATG	1.0	15.0	99.0	437.0	1609.0	4464.0	9689.0	17680.0	28762.0	40996.0	50961.0	56971.0	69352.0	85694.0	98140.0	100943.0	90294.0	77684.0	62969.0	34671.0	8148.0	1141.0	29.0
	12.0	13.0	14.0	15.0	16.0	17.0	18.0	19.0	20.0	21.0	22.0	23.0	24.0	25.0	26.0	27.0	28.0	29.0	30.0	31.0	32.0	33.0	34.0	35.0	36.0
RTS0_BC_CGTCCG	1.0	1.0	1.0	22.0	170.0	733.0	2938.0	8416.0	19527.0	37845.0	62798.0	91618.0	111907.0	118717.0	138435.0	168868.0	192062.0	203718.0	192134.0	168836.0	135176.0	72621.0	15845.0	1547.0	32.0
	11.0	12.0	13.0	14.0	15.0	16.0	17.0	18.0	19.0	20.0	21.0	22.0	23.0	24.0	25.0	26.0	27.0	28.0	29.0	30.0	31.0	32.0	33.0	34.0	35.0	36.0
RTS0_BC_CTTACA	1.0	1.0	3.0	8.0	27.0	252.0	1835.0	8646.0	27931.0	65718.0	126796.0	205433.0	278863.0	301334.0	283564.0	316208.0	372021.0	402228.0	396548.0	329342.0	252900.0	189262.0	101234.0	24592.0	4432.0	161.0
	12.0	13.0	14.0	15.0	16.0	17.0	18.0	19.0	20.0	21.0	22.0	23.0	24.0	25.0	26.0	27.0	28.0	29.0	30.0	31.0	32.0	33.0	34.0	35.0	36.0
RTS0_BC_GACGCG	2.0	4.0	3.0	45.0	417.0	2557.0	11189.0	34910.0	83093.0	160076.0	263135.0	365133.0	417638.0	428316.0	499067.0	606528.0	672560.0	700991.0	634369.0	516683.0	398247.0	215946.0	48456.0	6411.0	179.0
	13.0	14.0	15.0	16.0	17.0	18.0	19.0	20.0	21.0	22.0	23.0	24.0	25.0	26.0	27.0	28.0	29.0	30.0	31.0	32.0	33.0	34.0	35.0	36.0
RTS0_BC_GGAGGC	1.0	1.0	6.0	52.0	409.0	1754.0	5329.0	13321.0	26659.0	44621.0	63701.0	79919.0	92124.0	114414.0	144260.0	169355.0	186914.0	181387.0	157791.0	123450.0	63289.0	12726.0	1147.0	33.0
	15.0	16.0	17.0	18.0	19.0	20.0	21.0	22.0	23.0	24.0	25.0	26.0	27.0	28.0	29.0	30.0	31.0	32.0	33.0	34.0	35.0	36.0
RTS0_BC_GTGAGG	18.0	122.0	835.0	3751.0	11612.0	27547.0	52710.0	82355.0	104410.0	109915.0	108413.0	126458.0	153312.0	172051.0	182165.0	169825.0	146826.0	115490.0	63434.0	14683.0	2101.0	50.0
	16.0	17.0	18.0	19.0	20.0	21.0	22.0	23.0	24.0	25.0	26.0	27.0	28.0	29.0	30.0	31.0	32.0	33.0	34.0	35.0	36.0
RTS0_BC_TAGGGG	1.0	2.0	6.0	52.0	68.0	94.0	116.0	147.0	177.0	174.0	236.0	275.0	292.0	261.0	228.0	194.0	160.0	72.0	22.0	12.0	2.0
	13.0	14.0	15.0	16.0	17.0	18.0	19.0	20.0	21.0	22.0	23.0	24.0	25.0	26.0	27.0	28.0	29.0	30.0	31.0	32.0	33.0	34.0	35.0	36.0
RTS0_BC_TCCTAG	1.0	4.0	41.0	274.0	1177.0	3765.0	9796.0	19823.0	35281.0	56044.0	81322.0	103182.0	119018.0	146408.0	180177.0	207806.0	220434.0	203330.0	176224.0	142991.0	79616.0	18096.0	2364.0	48.0
	12.0	13.0	14.0	15.0	16.0	17.0	18.0	19.0	20.0	21.0	22.0	23.0	24.0	25.0	26.0	27.0	28.0	29.0	30.0	31.0	32.0	33.0	34.0	35.0	36.0
RTS0_BC_TGTTTG	1.0	1.0	5.0	74.0	565.0	2460.0	8937.0	26156.0	59683.0	115564.0	189904.0	265350.0	307256.0	317510.0	376029.0	446214.0	490222.0	506694.0	456212.0	381191.0	313288.0	187230.0	49017.0	7731.0	215.0

