Sample	22	27	32	37	42	47	52	57	62	67	72	77	82	87	92	97	102	107	112	117	122	125
RTS0_BC_AGCAAC	4552.0	2206.0	2247.0	2713.0	5022.0	6097.0	6019.0	5764.0	6366.0	8737.0	9254.0	10336.0	12103.0	15398.0	17551.0	17627.0	20158.0	27117.0	44041.0	96067.0	985170.0	928544.0
RTS0_BC_ATCGTG	9681.0	7298.0	4529.0	3359.0	6806.0	7173.0	5887.0	5944.0	6502.0	10322.0	10295.0	10444.0	12218.0	15657.0	18059.0	15896.0	21538.0	33808.0	52264.0	101043.0	1051785.0	1175712.0
RTS0_BC_CCACTA	7845.0	3660.0	3680.0	4556.0	8896.0	10722.0	10580.0	10423.0	11381.0	16124.0	16564.0	17219.0	20798.0	26581.0	31409.0	30253.0	34655.0	49757.0	79206.0	164939.0	1716456.0	1722741.0
RTS0_BC_CCTATG	1207.0	693.0	684.0	878.0	2002.0	2239.0	2064.0	2175.0	2348.0	3902.0	4838.0	4772.0	5018.0	5661.0	6850.0	5947.0	7566.0	12113.0	18547.0	37780.0	394826.0	318639.0
RTS0_BC_CGTCCG	2948.0	2061.0	1686.0	1846.0	3582.0	4432.0	4058.0	4079.0	4745.0	7157.0	7826.0	8529.0	9823.0	12738.0	15047.0	12739.0	16242.0	23616.0	32708.0	67234.0	832929.0	667943.0
RTS0_BC_CTTACA	9271.0	3796.0	3989.0	5073.0	10464.0	11703.0	10617.0	10238.0	11161.0	15728.0	16144.0	16545.0	19353.0	24918.0	28467.0	28279.0	32586.0	45709.0	71887.0	155827.0	1470187.0	1687398.0
RTS0_BC_GACGCG	11896.0	6884.0	6032.0	6703.0	14495.0	17019.0	15263.0	15198.0	17268.0	24914.0	26080.0	27002.0	30877.0	40134.0	48584.0	44008.0	54418.0	74246.0	108126.0	236919.0	2635576.0	2604313.0
RTS0_BC_GGAGGC	1545.0	770.0	837.0	1166.0	2549.0	2633.0	2531.0	2554.0	2942.0	4573.0	4663.0	5387.0	6561.0	8624.0	9958.0	9176.0	11466.0	15242.0	22906.0	54714.0	725606.0	586260.0
RTS0_BC_GTGAGG	4280.0	1515.0	1371.0	1854.0	4283.0	4536.0	3692.0	4021.0	4269.0	6908.0	6718.0	6755.0	8237.0	10439.0	11986.0	10953.0	14450.0	20132.0	31600.0	67712.0	739957.0	682415.0
RTS0_BC_TAGGGG	17.0	6.0	5.0	9.0	9.0	5.0	15.0	13.0	20.0	16.0	17.0	17.0	22.0	29.0	26.0	21.0	27.0	39.0	45.0	125.0	1143.0	965.0
RTS0_BC_TCCTAG	2559.0	1561.0	1699.0	2069.0	4544.0	5021.0	4252.0	4304.0	4757.0	7899.0	9033.0	9645.0	10910.0	14040.0	16071.0	13380.0	17776.0	28708.0	43639.0	85617.0	896276.0	623462.0
RTS0_BC_TGTTTG	9635.0	5281.0	5208.0	6098.0	13392.0	15879.0	14293.0	15678.0	15355.0	20555.0	21851.0	22547.0	25515.0	31400.0	37661.0	34135.0	42980.0	66796.0	102540.0	210251.0	2023203.0	1767256.0
