Sample	Slamdunk_mqc-generalstats-slamdunk-retained	Slamdunk_mqc-generalstats-slamdunk-mapped	Slamdunk_mqc-generalstats-slamdunk-sequenced	Cutadapt_mqc-generalstats-cutadapt-percent_trimmed	FastQC_mqc-generalstats-fastqc-percent_duplicates	FastQC_mqc-generalstats-fastqc-percent_gc	FastQC_mqc-generalstats-fastqc-avg_sequence_length	FastQC_mqc-generalstats-fastqc-percent_fails	FastQC_mqc-generalstats-fastqc-total_sequences
RTS0_BC_AGCAAC	1018409	1596633	2233089	3.858519720256068	59.70861706137063	48.0	119.54679370146017	18.181818181818183	2233089.0
RTS0_BC_ATCGTG	988741	1841357	2586220	3.968517693087497	53.69490768803776	51.0	119.45091910200988	27.27272727272727	2586220.0
RTS0_BC_CCACTA	1718647	2783801	3998445	3.7655912446047086	60.16944272774713	48.0	119.67255595612795	18.181818181818183	3998445.0
RTS0_BC_CCTATG	384890	655877	840749	3.9427793945514904	64.95378144185413	45.0	119.31989809086897	27.27272727272727	840749.0
RTS0_BC_CGTCCG	792749	1343527	1743968	3.7253825658052615	64.36887485162532	45.0	119.49538064918622	18.181818181818183	1743968.0
RTS0_BC_CTTACA	1421214	2501393	3689340	4.048327837943731	55.95021262043275	50.0	119.48782546471726	18.181818181818183	3689340.0
RTS0_BC_GACGCG	2844463	4365691	6065955	3.722249275269937	61.80231417109669	49.0	119.6547112532157	18.181818181818183	6065955.0
RTS0_BC_GGAGGC	687537	1152613	1482663	2.956892186346766	66.53125652457152	45.0	120.41873372438646	18.181818181818183	1482663.0
RTS0_BC_GTGAGG	714957	1231005	1648083	3.8108999692329752	59.94448828144361	48.0	119.65906814159239	27.27272727272727	1648083.0
RTS0_BC_TAGGGG	1194	1804	2591	6.037776478912234	26.090312620609808	48.0	117.10806638363566	18.181818181818183	2591.0
RTS0_BC_TCCTAG	841523	1397280	1807222	4.022517087251768	66.80267112845155	43.0	119.13335495030495	18.181818181818183	1807222.0
RTS0_BC_TGTTTG	2203627	3325615	4507509	4.1831290197167625	61.237318226863344	47.0	118.97563953837918	18.181818181818183	4507509.0
