Sample	r_processed	r_with_adapters	r_written	bp_processed	quality_trimmed	bp_written	percent_trimmed
RTS0_BC_AGCAAC	2258161	27152	2258161	279291277	9555323	268514768	3.858519720256068
RTS0_BC_ATCGTG	2607868	39583	2607868	323485316	10532327	310647744	3.968517693087497
RTS0_BC_CCACTA	4034021	50026	4034021	500022381	16400786	481193582	3.7655912446047086
RTS0_BC_CCTATG	845820	10225	845820	105051807	3801286	100909846	3.9427793945514904
RTS0_BC_CGTCCG	1750329	20004	1750329	217751623	7453963	209639542	3.7253825658052615
RTS0_BC_CTTACA	3733190	55977	3733190	461952385	15766893	443251038	4.048327837943731
RTS0_BC_GACGCG	6098395	67736	6098395	758037410	25104819	729821368	3.722249275269937
RTS0_BC_GGAGGC	1488705	13620	1488705	185112566	5089545	179638987	2.956892186346766
RTS0_BC_GTGAGG	1662503	21906	1662503	206289041	6764894	198427572	3.8108999692329752
RTS0_BC_TAGGGG	2648	81	2648	325070	14907	305443	6.037776478912234
RTS0_BC_TCCTAG	1816299	22244	1816299	225726176	8482744	216646302	4.022517087251768
RTS0_BC_TGTTTG	4540675	70839	4540675	562988827	20381733	539438278	4.1831290197167625
