	14.0	15.0	16.0	17.0	18.0	19.0	20.0	21.0	22.0	23.0	24.0	25.0	26.0	27.0	28.0	29.0	30.0	31.0	32.0	33.0	34.0	35.0	36.0
RT_Gad2_1	3.0	111.0	1002.0	5515.0	22489.0	63099.0	134646.0	240542.0	373948.0	503901.0	590680.0	637738.0	755237.0	922164.0	1019711.0	1042572.0	923019.0	746238.0	551499.0	265461.0	54117.0	8037.0	479.0
	15.0	16.0	17.0	18.0	19.0	20.0	21.0	22.0	23.0	24.0	25.0	26.0	27.0	28.0	29.0	30.0	31.0	32.0	33.0	34.0	35.0	36.0
RT_Gad2_2	101.0	953.0	6474.0	31521.0	98516.0	227801.0	431406.0	693803.0	961287.0	1131889.0	1196239.0	1390755.0	1673690.0	1837795.0	1840196.0	1579391.0	1259063.0	922009.0	453786.0	99817.0	16339.0	596.0
	14.0	15.0	16.0	17.0	18.0	19.0	20.0	21.0	22.0	23.0	24.0	25.0	26.0	27.0	28.0	29.0	30.0	31.0	32.0	33.0	34.0	35.0	36.0
RT_Gad2_3	4.0	75.0	890.0	7159.0	36777.0	118296.0	274005.0	516030.0	815520.0	1077944.0	1159697.0	1114570.0	1256526.0	1482707.0	1593067.0	1559762.0	1298724.0	1013224.0	755505.0	391496.0	97712.0	19909.0	703.0
	14.0	15.0	16.0	17.0	18.0	19.0	20.0	21.0	22.0	23.0	24.0	25.0	26.0	27.0	28.0	29.0	30.0	31.0	32.0	33.0	34.0	35.0	36.0
RT_vGluT2_1	15.0	327.0	2418.0	10435.0	37830.0	109642.0	248824.0	467576.0	753316.0	1039941.0	1196600.0	1250370.0	1497821.0	1770561.0	1940899.0	1994231.0	1803393.0	1521136.0	1245686.0	729394.0	190169.0	35254.0	901.0
	14.0	15.0	16.0	17.0	18.0	19.0	20.0	21.0	22.0	23.0	24.0	25.0	26.0	27.0	28.0	29.0	30.0	31.0	32.0	33.0	34.0	35.0	36.0
RT_vGluT2_3	5.0	187.0	1754.0	10936.0	48542.0	150021.0	349513.0	659041.0	1053668.0	1432603.0	1631788.0	1693050.0	1993534.0	2417079.0	2674551.0	2770192.0	2506166.0	2058785.0	1579862.0	832258.0	189007.0	29097.0	752.0
	14.0	15.0	16.0	17.0	18.0	19.0	20.0	21.0	22.0	23.0	24.0	25.0	26.0	27.0	28.0	29.0	30.0	31.0	32.0	33.0	34.0	35.0	36.0
S1_Gad2_1	3.0	81.0	627.0	3235.0	12215.0	36049.0	82590.0	155166.0	252801.0	361403.0	437935.0	469657.0	551159.0	674227.0	762426.0	803831.0	760727.0	672274.0	534763.0	283810.0	62645.0	7301.0	131.0
	14.0	15.0	16.0	17.0	18.0	19.0	20.0	21.0	22.0	23.0	24.0	25.0	26.0	27.0	28.0	29.0	30.0	31.0	32.0	33.0	34.0	35.0	36.0
S1_Gad2_2	3.0	156.0	1161.0	4902.0	16016.0	40169.0	81580.0	143309.0	224806.0	319891.0	405413.0	470806.0	584610.0	717151.0	824217.0	867683.0	799435.0	699824.0	568440.0	310062.0	69599.0	10628.0	202.0
	14.0	15.0	16.0	17.0	18.0	19.0	20.0	21.0	22.0	23.0	24.0	25.0	26.0	27.0	28.0	29.0	30.0	31.0	32.0	33.0	34.0	35.0	36.0
S1_Gad2_3	1.0	19.0	232.0	1602.0	7324.0	23038.0	55916.0	109186.0	178841.0	251392.0	314733.0	367255.0	457892.0	576847.0	674025.0	738146.0	715151.0	625675.0	484559.0	241490.0	47492.0	5203.0	185.0
	14.0	15.0	16.0	17.0	18.0	19.0	20.0	21.0	22.0	23.0	24.0	25.0	26.0	27.0	28.0	29.0	30.0	31.0	32.0	33.0	34.0	35.0	36.0
S1_vGluT2_1	2.0	119.0	937.0	5562.0	26634.0	89285.0	215920.0	409528.0	655385.0	872695.0	890810.0	736202.0	745830.0	858414.0	949637.0	987094.0	901832.0	769631.0	633081.0	361336.0	89771.0	17312.0	528.0
	15.0	16.0	17.0	18.0	19.0	20.0	21.0	22.0	23.0	24.0	25.0	26.0	27.0	28.0	29.0	30.0	31.0	32.0	33.0	34.0	35.0	36.0
S1_vGluT2_2	38.0	377.0	1832.0	6831.0	18596.0	40109.0	72356.0	114901.0	161291.0	199771.0	224586.0	275788.0	341030.0	390214.0	397981.0	355640.0	310850.0	249652.0	135819.0	31836.0	5087.0	127.0
	14.0	15.0	16.0	17.0	18.0	19.0	20.0	21.0	22.0	23.0	24.0	25.0	26.0	27.0	28.0	29.0	30.0	31.0	32.0	33.0	34.0	35.0	36.0
S1_vGluT2_3	6.0	77.0	558.0	3481.0	16077.0	50086.0	115432.0	214007.0	325910.0	407636.0	428321.0	429234.0	507174.0	610393.0	683204.0	717133.0	670090.0	582448.0	460184.0	246471.0	57457.0	9756.0	222.0

