Sample	A>T	A>G	A>C	C>A	C>G	C>T	G>A	G>C	G>T	T>A	T>G	T>C
RT_Gad2_1	0.0	0.03198976327575176	0.0	0.0	0.0	0.0	0.0	0.0	0.0	0.0	0.0	0.08877052818464269
RT_Gad2_2	0.0	0.04409171075837742	0.0	0.0	0.0	0.0	0.0	0.0	0.0	0.0	0.0	0.3152916447714136
RT_Gad2_3	0.0	0.03650967506389193	0.0	0.0	0.0	0.0	0.0	0.0	0.0	0.0	0.0	0.1446340757882557
RT_vGluT2_1	0.0	0.028153153153153154	0.0	0.0	0.0	0.0	0.0	0.0	0.0	0.0	0.0	0.2196293754289636
RT_vGluT2_3	0.0	0.03365870077415012	0.0	0.0	0.0	0.0	0.0	0.0	0.0	0.0	0.0	0.19766101136550815
S1_Gad2_1	0.0	0.0	0.0	0.0	0.0	0.0	0.0	0.0	0.0	0.0	0.0	0.0
S1_Gad2_2	0.0	0.0	0.0	0.0	0.0	0.0	0.0	0.0	0.0	0.0	0.0	0.0
S1_Gad2_3	0.0	0.0	0.0	0.0	0.0	0.0	0.0	0.0	0.0	0.0	0.0	0.0
S1_vGluT2_1	0.0	0.011614401858304297	0.0	0.0	0.0	0.0	0.0	0.0	0.0	0.0	0.0	0.0
S1_vGluT2_2	0.0	0.0	0.0	0.0	0.0	0.0	0.0	0.0	0.0	0.0	0.0	0.0
S1_vGluT2_3	0.0	0.0	0.0	0.0	0.0	0.0	0.0	0.0	0.0	0.0	0.0	0.0
