Sample	A>C	A>G	A>T	C>A	C>G	C>T	G>A	G>C	G>T	T>A	T>C	T>G
RT_Gad2_1	0.023952645075135774	0.5715901776991449	0.1432688002627647	0.04705283922465493	0.055346629336324005	0.5362099392969646	0.1343465565659813	0.021716080678006996	0.12340174571022981	0.03542785636016929	0.11713585147409536	0.033578899987717174
RT_Gad2_2	0.023698618128023704	0.6677618437439469	0.15326973294415008	0.044492206832922085	0.049575263051176835	0.5792466192508602	0.14092458843926048	0.020357074829562866	0.1404205520069931	0.03739040130513365	0.11956453116142744	0.035234300298530724
RT_Gad2_3	0.026327120992580035	0.5951499935305755	0.1616370004461363	0.04555581697741558	0.05481214102824122	0.6180616052119019	0.13834633562053245	0.0213267224733571	0.15451627355945208	0.03992853360007505	0.12097956110692457	0.03212630960191536
RT_vGluT2_1	0.023621144788272427	0.5092034448276871	0.12840159554318278	0.03604817879738933	0.04880953644677814	0.5261515755916648	0.12225881499003197	0.01756199505031907	0.11428435936462812	0.027979150708730492	0.10141168718009128	0.03612075996802563
RT_vGluT2_3	0.023731826863935736	0.47759019593766605	0.13534386867749768	0.03916137083499036	0.044690844568704105	0.6161819119782964	0.13012353956422754	0.01848329411112467	0.12448056529579922	0.0304713744084298	0.10626411140332642	0.03263992400785085
S1_Gad2_1	0.027258266965669072	0.31485442021828874	0.14024809671875704	0.04015164426782174	0.050336086596858204	0.5464639200542062	0.1337155641270963	0.02086052370992982	0.13784838351369633	0.031849671696160035	0.10341617915024433	0.030186083115568696
S1_Gad2_2	0.026548349616175367	0.33980498754583305	0.1354883951205044	0.05118181781403026	0.046673788692162134	0.46283670787385084	0.1423238530961522	0.020622064985341547	0.1334389825689428	0.03560755114132141	0.105444614126166	0.033040132687685464
S1_Gad2_3	0.029918823590759255	0.326287979145754	0.15175185729394677	0.047082267622599545	0.04703821060361396	0.528101696131593	0.14502365752029162	0.02258242085128122	0.16385006997536383	0.03970632251658307	0.11863837783156253	0.03804348209165717
S1_vGluT2_1	0.024388035090168018	0.40099442462752916	0.14101517423143833	0.04273985153804037	0.05106302824880362	0.56393801691223	0.15131228578527486	0.02099696990504676	0.1554812583728677	0.03574214103077009	0.10806403257717671	0.03448262454611906
S1_vGluT2_2	0.022065285289940555	0.39524704694497176	0.13073432926919212	0.04895555448590706	0.05525274199239303	0.5104696262270353	0.14245306388543372	0.02217638497523538	0.13688769328919273	0.031746685534332145	0.10362904698974869	0.03204338352998011
S1_vGluT2_3	0.02548500621274932	0.3691728084275709	0.15599226123819793	0.04537605916428784	0.04990043856834588	0.5877269184930769	0.13824993672014146	0.021633726015305697	0.15272081832769493	0.03536782971406581	0.11632552481908194	0.035589469689713785
