	10.0	11.0	12.0	13.0	14.0	15.0	16.0	17.0	18.0	19.0	20.0	21.0	22.0	23.0	24.0	25.0	26.0	27.0	28.0	29.0	30.0	31.0	32.0	33.0	34.0	35.0	36.0	37.0	38.0	39.0	40.0
8601_RG15-S1_IndexD706-D508_GAATTCGT+GTACTGAC_L007_R1_001	3.0	4.0	8.0	20.0	32.0	62.0	87.0	115.0	202.0	383.0	806.0	1730.0	3801.0	7516.0	15191.0	27796.0	47583.0	75662.0	115136.0	163469.0	223169.0	292020.0	371733.0	472675.0	621647.0	834180.0	1140634.0	1688776.0	3166121.0	19985058.0	367119.0
	9.0	10.0	11.0	12.0	13.0	14.0	15.0	16.0	17.0	18.0	19.0	20.0	21.0	22.0	23.0	24.0	25.0	26.0	27.0	28.0	29.0	30.0	31.0	32.0	33.0	34.0	35.0	36.0	37.0	38.0	39.0	40.0
8601_RG16-S1_IndexD708-D502_TAATGCGC+ATAGAGGC_L007_R1_001	1.0	2.0	12.0	12.0	20.0	21.0	66.0	82.0	109.0	238.0	399.0	827.0	1796.0	3901.0	8134.0	15801.0	29537.0	50643.0	81317.0	122856.0	174614.0	236666.0	309163.0	393963.0	496382.0	645783.0	859029.0	1170199.0	1718095.0	3210962.0	20302547.0	359695.0
	10.0	11.0	12.0	13.0	14.0	15.0	16.0	17.0	18.0	19.0	20.0	21.0	22.0	23.0	24.0	25.0	26.0	27.0	28.0	29.0	30.0	31.0	32.0	33.0	34.0	35.0	36.0	37.0	38.0	39.0	40.0
8601_RG17-S1_IndexD708-D503_TAATGCGC+CCTATCCT_L007_R1_001	3.0	3.0	12.0	15.0	27.0	44.0	75.0	122.0	205.0	400.0	832.0	1925.0	3868.0	7952.0	15927.0	29336.0	49958.0	80866.0	122978.0	174953.0	238476.0	312234.0	397356.0	504500.0	661931.0	881147.0	1204547.0	1774892.0	3326670.0	20439875.0	321052.0
	9.0	10.0	11.0	12.0	13.0	14.0	15.0	16.0	17.0	18.0	19.0	20.0	21.0	22.0	23.0	24.0	25.0	26.0	27.0	28.0	29.0	30.0	31.0	32.0	33.0	34.0	35.0	36.0	37.0	38.0	39.0	40.0
8601_RG19-S1_IndexD708-D504_TAATGCGC+GGCTCTGA_L007_R1_001	2.0	8.0	7.0	8.0	16.0	25.0	69.0	83.0	126.0	220.0	397.0	872.0	1827.0	4045.0	8176.0	16226.0	30251.0	51338.0	82929.0	125324.0	178076.0	240910.0	315975.0	402192.0	508612.0	665396.0	887799.0	1210808.0	1789583.0	3363061.0	20191355.0	305768.0
	8.0	9.0	10.0	11.0	12.0	13.0	14.0	15.0	16.0	17.0	18.0	19.0	20.0	21.0	22.0	23.0	24.0	25.0	26.0	27.0	28.0	29.0	30.0	31.0	32.0	33.0	34.0	35.0	36.0	37.0	38.0	39.0	40.0
8601_RG21_IndexD706-D505_GAATTCGT+AGGCGAAG_L005_R1_001	1.0	1.0	4.0	6.0	33.0	83.0	151.0	174.0	256.0	297.0	358.0	546.0	966.0	1934.0	4132.0	8643.0	16742.0	30999.0	52686.0	84728.0	127851.0	182179.0	247575.0	323949.0	415398.0	540508.0	751153.0	948813.0	1218657.0	1805441.0	3377352.0	19156463.0	335550.0
	10.0	11.0	12.0	13.0	14.0	15.0	16.0	17.0	18.0	19.0	20.0	21.0	22.0	23.0	24.0	25.0	26.0	27.0	28.0	29.0	30.0	31.0	32.0	33.0	34.0	35.0	36.0	37.0	38.0	39.0	40.0
8601_RG24_IndexD706-D506_GAATTCGT+TAATCTTA_L005_R1_001	1.0	3.0	24.0	64.0	112.0	140.0	215.0	285.0	370.0	497.0	951.0	1897.0	3904.0	8204.0	15939.0	29008.0	49661.0	79507.0	119816.0	169639.0	230109.0	301181.0	385273.0	500059.0	698129.0	885451.0	1132577.0	1675719.0	3162365.0	18982310.0	377856.0
	9.0	10.0	11.0	12.0	13.0	14.0	15.0	16.0	17.0	18.0	19.0	20.0	21.0	22.0	23.0	24.0	25.0	26.0	27.0	28.0	29.0	30.0	31.0	32.0	33.0	34.0	35.0	36.0	37.0	38.0	39.0	40.0
8601_RG25_IndexD707-D501_CTGAAGCT+TATAGCCT_L005_R1_001	1.0	4.0	11.0	32.0	63.0	106.0	187.0	256.0	310.0	473.0	614.0	1157.0	2359.0	4961.0	10316.0	20025.0	36182.0	61138.0	96067.0	142946.0	199862.0	266433.0	343400.0	434093.0	551983.0	757413.0	952018.0	1218382.0	1801372.0	3371759.0	18825394.0	346662.0
	10.0	11.0	12.0	13.0	14.0	15.0	16.0	17.0	18.0	19.0	20.0	21.0	22.0	23.0	24.0	25.0	26.0	27.0	28.0	29.0	30.0	31.0	32.0	33.0	34.0	35.0	36.0	37.0	38.0	39.0	40.0
8601_RG26_IndexD707-D502_CTGAAGCT+ATAGAGGC_L005_R1_001	7.0	12.0	28.0	85.0	150.0	211.0	283.0	327.0	489.0	744.0	1338.0	2670.0	5724.0	11491.0	22509.0	40964.0	68921.0	108764.0	159790.0	222791.0	297494.0	382890.0	482701.0	615280.0	840336.0	1054624.0	1341570.0	1965512.0	3641260.0	19014049.0	308299.0
	10.0	11.0	12.0	13.0	14.0	15.0	16.0	17.0	18.0	19.0	20.0	21.0	22.0	23.0	24.0	25.0	26.0	27.0	28.0	29.0	30.0	31.0	32.0	33.0	34.0	35.0	36.0	37.0	38.0	39.0	40.0
8601_RG27_IndexD707-D503_CTGAAGCT+CCTATCCT_L005_R1_001	3.0	6.0	16.0	49.0	118.0	145.0	221.0	276.0	349.0	582.0	1091.0	2239.0	4810.0	10030.0	19382.0	35231.0	58677.0	92906.0	138504.0	193290.0	259647.0	334063.0	423029.0	541614.0	746430.0	942777.0	1204708.0	1784559.0	3361697.0	18775511.0	340130.0
	9.0	10.0	11.0	12.0	13.0	14.0	15.0	16.0	17.0	18.0	19.0	20.0	21.0	22.0	23.0	24.0	25.0	26.0	27.0	28.0	29.0	30.0	31.0	32.0	33.0	34.0	35.0	36.0	37.0	38.0	39.0	40.0
8601_RG29_IndexD707-D504_CTGAAGCT+GGCTCTGA_L005_R1_001	1.0	3.0	12.0	28.0	66.0	104.0	171.0	203.0	302.0	398.0	624.0	1152.0	2536.0	5215.0	10756.0	20753.0	37512.0	63497.0	100229.0	147739.0	207162.0	276317.0	355930.0	450226.0	574754.0	784998.0	987818.0	1267562.0	1867413.0	3492371.0	18587237.0	306012.0
	9.0	10.0	11.0	12.0	13.0	14.0	15.0	16.0	17.0	18.0	19.0	20.0	21.0	22.0	23.0	24.0	25.0	26.0	27.0	28.0	29.0	30.0	31.0	32.0	33.0	34.0	35.0	36.0	37.0	38.0	39.0	40.0
8601_RG33-S1_IndexD708-D505_TAATGCGC+AGGCGAAG_L007_R1_001	2.0	2.0	4.0	14.0	18.0	23.0	53.0	73.0	124.0	205.0	361.0	857.0	1729.0	3904.0	7913.0	15841.0	29374.0	49999.0	80399.0	122137.0	174252.0	236352.0	310113.0	395304.0	500364.0	651715.0	872133.0	1188517.0	1750817.0	3266854.0	20314097.0	328159.0
	10.0	11.0	12.0	13.0	14.0	15.0	16.0	17.0	18.0	19.0	20.0	21.0	22.0	23.0	24.0	25.0	26.0	27.0	28.0	29.0	30.0	31.0	32.0	33.0	34.0	35.0	36.0	37.0	38.0	39.0	40.0
8601_RG34-S1_IndexD708-D506_TAATGCGC+TAATCTTA_L005_R1_001	2.0	16.0	19.0	55.0	110.0	145.0	217.0	293.0	369.0	584.0	1123.0	2036.0	4333.0	9101.0	17366.0	32173.0	54619.0	88193.0	133835.0	189458.0	258356.0	337756.0	433054.0	560437.0	774975.0	980812.0	1248192.0	1831163.0	3431652.0	19772279.0	333333.0
	11.0	12.0	13.0	14.0	15.0	16.0	17.0	18.0	19.0	20.0	21.0	22.0	23.0	24.0	25.0	26.0	27.0	28.0	29.0	30.0	31.0	32.0	33.0	34.0	35.0	36.0	37.0	38.0	39.0	40.0
8601_RG34_IndexD707-D506_CTGAAGCT+TAATCTTA_L007_R1_001	3.0	7.0	14.0	23.0	42.0	69.0	116.0	234.0	387.0	879.0	1909.0	4170.0	8587.0	16699.0	30951.0	52593.0	84184.0	125437.0	176816.0	238873.0	307295.0	387335.0	488824.0	643445.0	854534.0	1167080.0	1746288.0	3266314.0	19861862.0	354694.0
	9.0	10.0	11.0	12.0	13.0	14.0	15.0	16.0	17.0	18.0	19.0	20.0	21.0	22.0	23.0	24.0	25.0	26.0	27.0	28.0	29.0	30.0	31.0	32.0	33.0	34.0	35.0	36.0	37.0	38.0	39.0	40.0
8601_RG35-S1_IndexD708-D507_TAATGCGC+CAGGACGT_L005_R1_001	1.0	2.0	4.0	16.0	34.0	90.0	126.0	182.0	264.0	336.0	523.0	938.0	2065.0	4309.0	8957.0	17715.0	32880.0	56112.0	90734.0	135988.0	194639.0	266341.0	347973.0	448184.0	580682.0	799433.0	1010088.0	1292144.0	1891520.0	3529556.0	19503509.0	320429.0
	9.0	10.0	11.0	12.0	13.0	14.0	15.0	16.0	17.0	18.0	19.0	20.0	21.0	22.0	23.0	24.0	25.0	26.0	27.0	28.0	29.0	30.0	31.0	32.0	33.0	34.0	35.0	36.0	37.0	38.0	39.0	40.0
8601_RG35_IndexD707-D507_CTGAAGCT+CAGGACGT_L007_R1_001	2.0	2.0	2.0	11.0	19.0	22.0	45.0	72.0	113.0	195.0	390.0	897.0	1862.0	4155.0	8654.0	17260.0	31114.0	53678.0	85721.0	127604.0	180176.0	241694.0	313534.0	395089.0	495707.0	652851.0	866162.0	1183833.0	1768151.0	3326617.0	19542788.0	342383.0
	10.0	11.0	12.0	13.0	14.0	15.0	16.0	17.0	18.0	19.0	20.0	21.0	22.0	23.0	24.0	25.0	26.0	27.0	28.0	29.0	30.0	31.0	32.0	33.0	34.0	35.0	36.0	37.0	38.0	39.0	40.0
8601_RG36-S1_IndexD708-D508_TAATGCGC+GTACTGAC_L005_R1_001	7.0	4.0	16.0	67.0	88.0	151.0	192.0	314.0	412.0	585.0	1020.0	2061.0	4436.0	8952.0	18460.0	33263.0	57383.0	91284.0	136979.0	196371.0	267916.0	350192.0	448237.0	578019.0	793394.0	1003797.0	1274693.0	1860102.0	3460622.0	19405076.0	313747.0
	10.0	11.0	12.0	13.0	14.0	15.0	16.0	17.0	18.0	19.0	20.0	21.0	22.0	23.0	24.0	25.0	26.0	27.0	28.0	29.0	30.0	31.0	32.0	33.0	34.0	35.0	36.0	37.0	38.0	39.0	40.0
8601_RG36_IndexD707-D508_CTGAAGCT+GTACTGAC_L007_R1_001	1.0	5.0	11.0	11.0	24.0	62.0	75.0	142.0	199.0	408.0	881.0	1840.0	4271.0	8611.0	17189.0	30993.0	52573.0	84252.0	124948.0	175653.0	234723.0	304833.0	383181.0	480129.0	629488.0	835863.0	1142822.0	1704769.0	3187694.0	19364211.0	355363.0

