Sample	3	4	5	6	7	8	9	10	11	12	13	14	15	16	17	18	19	20	21	22	23	24	25	26	27	28	29	30	31	32	33	34	35	36	37	38	39	40	41	42	43	44	45	46	47	48	49	50	51
8601_RG15-S1_IndexD706-D508_GAATTCGT+GTACTGAC_L007_R1_001 - Adapter 1	1.2509024108789601	1.060021636268746	0.8414296527482554	0.2051650721672289	0.41420118343195267	0.504313205043132	5.663716814159292	26.643109540636043	91.9718309859155	132.22222222222223	255.0	310.0	210.0	245.0	185.0	202.5	162.5	152.5	130.0	135.0	140.0	105.0	105.0	152.5	110.0	140.0	152.5	212.5	185.0	200.0	160.0	107.5	180.0	672.5	172.5	152.5	257.5	90.0	117.5	137.5	130.0	177.5	180.0	277.5	147.5	285.0	132.5	67.5	477.5
8601_RG16-S1_IndexD708-D502_TAATGCGC+ATAGAGGC_L007_R1_001 - Adapter 1	1.2475592379545095	1.100175910815336	0.8356562018894924	0.19573267501322517	0.39661439965275896	0.5425347222222222	5.286458333333333	27.291666666666664	78.33333333333333	133.33333333333334	240.0	225.0	190.0	170.0	142.5	205.0	125.0	107.5	92.5	102.5	162.5	72.5	127.5	172.5	112.5	85.0	112.5	180.0	187.5	212.5	140.0	127.5	180.0	552.5	165.0	140.0	210.0	80.0	130.0	100.0	165.0	162.5	137.5	260.0	175.0	252.5	117.5	55.0	212.5
8601_RG17-S1_IndexD708-D503_TAATGCGC+CCTATCCT_L007_R1_001 - Adapter 1	1.253206669537519	1.1136840800063001	0.8383992064396351	0.19436997319034852	0.38123324396782843	0.5404246193437701	5.085763293310463	25.773195876288657	85.34246575342466	132.77777777777777	236.0	238.0	142.0	170.0	144.0	116.0	94.0	118.0	78.0	70.0	114.0	78.0	82.0	114.0	70.0	82.0	90.0	138.0	182.0	136.0	92.0	90.0	110.0	350.0	120.0	82.0	150.0	54.0	114.0	72.0	104.0	122.0	102.0	276.0	114.0	192.0	52.0	42.0	254.0
8601_RG19-S1_IndexD708-D504_TAATGCGC+GGCTCTGA_L007_R1_001 - Adapter 1	1.244885072626282	1.091150807056978	0.8512108161298366	0.21041989620543236	0.3822926776663432	0.5520810869096399	5.996548748921484	25.75862068965517	81.11111111111111	136.66666666666666	244.0	214.0	162.0	138.0	120.0	154.0	118.0	132.0	74.0	100.0	100.0	68.0	94.0	104.0	76.0	102.0	90.0	124.0	178.0	124.0	130.0	76.0	124.0	348.0	106.0	110.0	138.0	66.0	64.0	124.0	138.0	138.0	140.0	174.0	118.0	194.0	50.0	46.0	332.0
8601_RG21_IndexD706-D505_GAATTCGT+AGGCGAAG_L005_R1_001 - Adapter 1	1.27301458016543	1.0359552658036297	1.079625349377943	0.2936664777988143	0.46379215035931454	0.32500552730488613	5.676392572944297	32.50883392226148	100.0	302.77777777777777	362.5	720.0	317.5	285.0	237.5	205.0	147.5	135.0	122.5	485.0	350.0	212.5	245.0	337.5	212.5	160.0	182.5	430.0	485.0	170.0	80.0	165.0	87.5	85.0	105.0	162.5	67.5	72.5	92.5	110.0	270.0	67.5	265.0	335.0	212.5	267.5	132.5	122.5	3772.5
8601_RG24_IndexD706-D506_GAATTCGT+TAATCTTA_L005_R1_001 - Adapter 1	1.3221603971316296	1.0327001426766713	1.0074803219558999	0.26751574249122256	0.31839890834659995	0.2888332954287014	5.732484076433121	29.563636363636363	80.14492753623188	163.52941176470588	402.5	837.5	437.5	387.5	267.5	210.0	187.5	145.0	97.5	787.5	412.5	215.0	345.0	542.5	262.5	197.5	192.5	402.5	420.0	192.5	125.0	157.5	135.0	140.0	110.0	140.0	100.0	125.0	107.5	137.5	410.0	80.0	307.5	387.5	115.0	365.0	80.0	82.5	2047.5
8601_RG25_IndexD707-D501_CTGAAGCT+TATAGCCT_L005_R1_001 - Adapter 1	1.2772626423081352	0.9933660856776293	1.0047181455636567	0.28705339137449065	0.44114374721851357	0.522919448153093	7.569011576135352	38.220640569395016	100.0	193.88888888888889	545.0	1000.0	527.5	510.0	345.0	270.0	205.0	220.0	95.0	777.5	585.0	205.0	327.5	610.0	390.0	217.5	257.5	610.0	547.5	220.0	142.5	215.0	190.0	140.0	140.0	220.0	130.0	120.0	92.5	180.0	600.0	105.0	245.0	470.0	190.0	400.0	112.5	92.5	1567.5
8601_RG26_IndexD707-D502_CTGAAGCT+ATAGAGGC_L005_R1_001 - Adapter 1	1.272225100702054	0.9773907019240745	1.0424943020753499	0.25984631449302525	0.3748326639892905	0.4133647461983294	6.418166238217652	31.917808219178085	94.24657534246576	163.33333333333334	334.0	710.0	388.0	412.0	258.0	230.0	192.0	220.0	98.0	774.0	444.0	236.0	308.0	556.0	348.0	238.0	236.0	448.0	392.0	204.0	168.0	120.0	126.0	110.0	128.0	162.0	84.0	84.0	90.0	108.0	476.0	88.0	224.0	404.0	172.0	256.0	110.0	86.0	664.0
8601_RG27_IndexD707-D503_CTGAAGCT+CCTATCCT_L005_R1_001 - Adapter 1	1.298429518519903	1.0088019209278656	1.050352565896245	0.2617661872516649	0.31898819184061783	0.367136780837251	5.568487018800358	32.61648745519713	82.28571428571429	198.23529411764707	437.5	857.5	417.5	497.5	280.0	252.5	205.0	240.0	85.0	787.5	487.5	250.0	422.5	517.5	365.0	200.0	222.5	565.0	540.0	260.0	172.5	245.0	115.0	125.0	115.0	175.0	115.0	132.5	125.0	175.0	610.0	85.0	305.0	595.0	202.5	302.5	107.5	80.0	792.5
8601_RG29_IndexD707-D504_CTGAAGCT+GGCTCTGA_L005_R1_001 - Adapter 1	1.276525342540508	0.990210158498071	1.0223307866881486	0.2581977437148322	0.34981705288834686	0.43458980044345896	6.486246672582076	34.57446808510638	91.0	174.44444444444443	457.5	935.0	487.5	522.5	310.0	290.0	240.0	227.5	125.0	940.0	602.5	242.5	415.0	675.0	472.5	235.0	295.0	445.0	482.5	235.0	175.0	225.0	180.0	117.5	110.0	195.0	95.0	75.0	140.0	152.5	620.0	67.5	275.0	462.5	182.5	337.5	80.0	105.0	1492.5
8601_RG33-S1_IndexD708-D505_TAATGCGC+AGGCGAAG_L007_R1_001 - Adapter 1	1.244322147452582	1.1238185502706912	0.8551300028720582	0.2201678627904148	0.4141212088446775	0.592560553633218	5.908304498269897	28.546712802768166	91.66666666666667	128.33333333333334	264.0	230.0	190.0	196.0	182.0	132.0	114.0	114.0	50.0	86.0	114.0	90.0	94.0	86.0	102.0	62.0	58.0	102.0	114.0	90.0	110.0	88.0	88.0	88.0	70.0	80.0	138.0	106.0	100.0	64.0	94.0	80.0	112.0	222.0	68.0	208.0	56.0	34.0	294.0
8601_RG34-S1_IndexD708-D506_TAATGCGC+TAATCTTA_L005_R1_001 - Adapter 1	1.2640619190265119	1.1245170707059686	0.8498709112090701	0.2215835840137516	0.4533734422002579	0.7928663515255694	6.615120274914089	32.54295532646048	95.89041095890411	150.0	312.0	304.0	210.0	214.0	180.0	192.0	142.0	144.0	86.0	84.0	132.0	68.0	96.0	116.0	104.0	88.0	84.0	142.0	112.0	130.0	118.0	126.0	134.0	114.0	112.0	106.0	164.0	120.0	78.0	100.0	108.0	112.0	126.0	226.0	94.0	214.0	86.0	56.0	336.0
8601_RG34_IndexD707-D506_CTGAAGCT+TAATCTTA_L007_R1_001 - Adapter 1	1.2636800333048281	1.0269563157298394	1.1495661787679956	0.3117617975059056	0.45322199637422406	0.4021094264996704	6.889279437609842	32.429577464788736	105.63380281690141	186.11111111111111	400.0	810.0	532.5	467.5	302.5	202.5	180.0	232.5	97.5	780.0	467.5	245.0	347.5	527.5	322.5	187.5	177.5	450.0	570.0	235.0	137.5	152.5	162.5	92.5	120.0	182.5	65.0	92.5	102.5	145.0	285.0	75.0	290.0	415.0	167.5	317.5	102.5	82.5	792.5
8601_RG35-S1_IndexD708-D507_TAATGCGC+CAGGACGT_L005_R1_001 - Adapter 1	1.2422913452871662	1.1133362449148614	0.8509425484686521	0.23068978929438433	0.48175965665236054	0.7489270386266095	6.592274678111588	31.477663230240548	100.13698630136986	182.77777777777777	344.0	340.0	260.0	214.0	198.0	190.0	174.0	118.0	98.0	102.0	116.0	82.0	62.0	64.0	80.0	40.0	54.0	84.0	150.0	98.0	76.0	112.0	92.0	96.0	50.0	66.0	108.0	78.0	66.0	102.0	106.0	80.0	140.0	200.0	68.0	218.0	66.0	36.0	336.0
8601_RG35_IndexD707-D507_CTGAAGCT+CAGGACGT_L007_R1_001 - Adapter 1	1.2504439185905658	1.012434251488112	1.1304891486444009	0.285039239526915	0.4587155963302752	0.5085120495246518	6.976127320954908	30.88339222614841	104.50704225352113	201.11111111111111	432.5	935.0	490.0	447.5	360.0	187.5	262.5	180.0	127.5	745.0	485.0	222.5	337.5	570.0	345.0	185.0	240.0	515.0	522.5	272.5	112.5	145.0	147.5	85.0	125.0	252.5	112.5	102.5	95.0	135.0	335.0	80.0	220.0	477.5	185.0	380.0	107.5	90.0	1127.5
8601_RG36-S1_IndexD708-D508_TAATGCGC+GTACTGAC_L005_R1_001 - Adapter 1	1.2525822738198398	1.1120964431764628	0.8639602174258215	0.20756195778492473	0.45294848927085024	0.5772972972972973	6.237024221453288	27.231833910034602	95.13888888888889	135.0	248.0	250.0	174.0	168.0	124.0	170.0	100.0	130.0	76.0	98.0	138.0	62.0	76.0	102.0	92.0	72.0	74.0	128.0	114.0	88.0	100.0	114.0	120.0	118.0	80.0	92.0	126.0	80.0	80.0	70.0	82.0	94.0	114.0	176.0	74.0	204.0	56.0	28.0	186.0
8601_RG36_IndexD707-D508_CTGAAGCT+GTACTGAC_L007_R1_001 - Adapter 1	1.2645385561476414	1.0149049108869126	1.1154076000984288	0.29177271257224013	0.45446875527307495	0.4814398200224972	6.75967596759676	32.410071942446045	112.89855072463767	185.88235294117646	402.5	980.0	442.5	517.5	285.0	195.0	177.5	182.5	105.0	782.5	447.5	150.0	347.5	525.0	357.5	150.0	227.5	455.0	552.5	202.5	102.5	220.0	132.5	85.0	57.5	167.5	57.5	57.5	102.5	107.5	260.0	65.0	220.0	390.0	182.5	322.5	132.5	65.0	1970.0
