Sample	20	21	22	23	24	25	26	27	28	29	30	31	32	33	34	35	36	37	38	39	40	41	42	43	44	45	46	47	48	49	50	51
8601_RG15-S1_IndexD706-D508_GAATTCGT+GTACTGAC_L007_R1_001	463.0	722.0	931.0	1513.0	1898.0	2504.0	2661.0	2433.0	2634.0	2711.0	2791.0	3036.0	3288.0	2939.0	3100.0	3433.0	3357.0	3595.0	3817.0	4313.0	5225.0	5683.0	6069.0	6404.0	8552.0	10976.0	37300.0	141484.0	601167.0	49061.0	256708.0	28441970.0
8601_RG16-S1_IndexD708-D502_TAATGCGC+ATAGAGGC_L007_R1_001	443.0	764.0	962.0	1366.0	1931.0	2469.0	2651.0	2527.0	2531.0	2792.0	2840.0	2973.0	3372.0	3027.0	3258.0	3495.0	3412.0	3554.0	3900.0	4361.0	5290.0	5779.0	6246.0	6681.0	8558.0	11224.0	37899.0	149627.0	611631.0	50990.0	266412.0	28979907.0
8601_RG17-S1_IndexD708-D503_TAATGCGC+CCTATCCT_L007_R1_001	491.0	724.0	902.0	1411.0	1957.0	2501.0	2530.0	2480.0	2626.0	2770.0	2921.0	3046.0	3388.0	3038.0	3201.0	3514.0	3565.0	3629.0	3949.0	4491.0	5433.0	6039.0	6355.0	6876.0	8641.0	11581.0	38551.0	152825.0	621301.0	51899.0	267264.0	29322282.0
8601_RG19-S1_IndexD708-D504_TAATGCGC+GGCTCTGA_L007_R1_001	470.0	685.0	970.0	1420.0	2001.0	2496.0	2625.0	2637.0	2720.0	2816.0	3040.0	3142.0	3484.0	3227.0	3398.0	3545.0	3523.0	3650.0	3999.0	4335.0	5459.0	6191.0	6468.0	6878.0	8829.0	11612.0	39186.0	149733.0	615174.0	53022.0	274125.0	29150624.0
8601_RG21_IndexD706-D505_GAATTCGT+AGGCGAAG_L005_R1_001	665.0	813.0	1066.0	1565.0	2266.0	2981.0	2974.0	2940.0	3219.0	3368.0	3400.0	3389.0	3720.0	3544.0	3713.0	3894.0	4008.0	4411.0	4671.0	5475.0	6020.0	6784.0	7243.0	7484.0	9787.0	12629.0	45824.0	142082.0	613988.0	61501.0	279287.0	28378918.0
8601_RG24_IndexD706-D506_GAATTCGT+TAATCTTA_L005_R1_001	581.0	870.0	971.0	1540.0	2344.0	3095.0	3023.0	2915.0	3180.0	3322.0	3139.0	3306.0	3377.0	3339.0	3745.0	3863.0	3806.0	4329.0	4611.0	5183.0	5817.0	6422.0	6791.0	7141.0	8888.0	12113.0	41875.0	137102.0	618048.0	57157.0	260653.0	27588720.0
8601_RG25_IndexD707-D501_CTGAAGCT+TATAGCCT_L005_R1_001	733.0	1035.0	1131.0	1611.0	2585.0	3267.0	3172.0	3152.0	3440.0	3471.0	3495.0	3512.0	3712.0	3544.0	3941.0	4223.0	4238.0	4767.0	5102.0	5604.0	6327.0	7174.0	7695.0	7887.0	10090.0	13582.0	44417.0	137785.0	614441.0	65490.0	301345.0	28164011.0
8601_RG26_IndexD707-D502_CTGAAGCT+ATAGAGGC_L005_R1_001	773.0	1061.0	1262.0	1783.0	2688.0	3507.0	3320.0	3449.0	3713.0	3797.0	3702.0	3785.0	3964.0	4004.0	4128.0	4437.0	4563.0	5073.0	5530.0	6127.0	6907.0	7715.0	8451.0	8683.0	10958.0	14445.0	48379.0	143024.0	637318.0	73059.0	332235.0	29229473.0
8601_RG27_IndexD707-D503_CTGAAGCT+CCTATCCT_L005_R1_001	725.0	954.0	1079.0	1526.0	2537.0	3175.0	3098.0	3079.0	3403.0	3510.0	3502.0	3457.0	3727.0	3597.0	3852.0	4259.0	4121.0	4474.0	4891.0	5500.0	6034.0	6986.0	7295.0	7873.0	9823.0	13256.0	45287.0	138322.0	619669.0	63962.0	291706.0	27997411.0
8601_RG29_IndexD707-D504_CTGAAGCT+GGCTCTGA_L005_R1_001	755.0	946.0	1259.0	1729.0	2778.0	3420.0	3271.0	3196.0	3434.0	3656.0	3672.0	3731.0	3801.0	3865.0	4044.0	4372.0	4381.0	4821.0	5105.0	5712.0	6449.0	7176.0	7807.0	8314.0	10372.0	13813.0	45571.0	138740.0	616833.0	68586.0	312397.0	28245095.0
8601_RG33-S1_IndexD708-D505_TAATGCGC+AGGCGAAG_L007_R1_001	442.0	708.0	935.0	1338.0	2070.0	2635.0	2736.0	2597.0	2799.0	2918.0	2993.0	3039.0	3328.0	3178.0	3308.0	3533.0	3645.0	3755.0	4025.0	4651.0	5751.0	6385.0	6843.0	7319.0	9231.0	12407.0	39329.0	153399.0	613240.0	52150.0	270329.0	29070693.0
8601_RG34-S1_IndexD708-D506_TAATGCGC+TAATCTTA_L005_R1_001	582.0	803.0	969.0	1605.0	2177.0	2940.0	3069.0	3017.0	3295.0	3315.0	3536.0	3616.0	3884.0	3667.0	3847.0	3999.0	4131.0	4465.0	5052.0	5830.0	6550.0	7554.0	7906.0	8781.0	10633.0	14071.0	41356.0	157129.0	628901.0	63280.0	286091.0	29200005.0
8601_RG34_IndexD707-D506_CTGAAGCT+TAATCTTA_L007_R1_001	680.0	802.0	1026.0	1521.0	2152.0	2808.0	2865.0	2693.0	3054.0	3151.0	3042.0	3363.0	3329.0	3133.0	3338.0	3583.0	3674.0	4048.0	4139.0	4535.0	5384.0	6106.0	6628.0	6765.0	8715.0	12106.0	46732.0	139849.0	612045.0	53419.0	272605.0	28592374.0
8601_RG35-S1_IndexD708-D507_TAATGCGC+CAGGACGT_L005_R1_001	572.0	800.0	1019.0	1593.0	2226.0	2934.0	3018.0	3133.0	3218.0	3277.0	3489.0	3527.0	3730.0	3670.0	3942.0	4071.0	4228.0	4390.0	5113.0	5789.0	6709.0	7548.0	8053.0	8689.0	10758.0	14080.0	41305.0	156604.0	619833.0	64456.0	297941.0	29236059.0
8601_RG35_IndexD707-D507_CTGAAGCT+CAGGACGT_L007_R1_001	657.0	900.0	1035.0	1489.0	2118.0	2825.0	2668.0	2700.0	2998.0	3129.0	2990.0	3221.0	3408.0	3092.0	3274.0	3526.0	3626.0	4040.0	4184.0	4471.0	5306.0	6060.0	6550.0	6666.0	8865.0	11839.0	46299.0	137611.0	602814.0	54596.0	280616.0	28417230.0
8601_RG36-S1_IndexD708-D508_TAATGCGC+GTACTGAC_L005_R1_001	513.0	729.0	982.0	1503.0	2187.0	2921.0	2938.0	2952.0	3175.0	3111.0	3357.0	3449.0	3672.0	3561.0	3682.0	4000.0	4083.0	4195.0	4874.0	5538.0	6466.0	7266.0	7597.0	8419.0	10778.0	13753.0	41400.0	155157.0	619817.0	64042.0	292895.0	29018828.0
8601_RG36_IndexD707-D508_CTGAAGCT+GTACTGAC_L007_R1_001	653.0	903.0	1021.0	1542.0	2241.0	2840.0	2639.0	2715.0	2938.0	3258.0	3070.0	3198.0	3366.0	3142.0	3466.0	3613.0	3625.0	3998.0	4108.0	4412.0	5408.0	6112.0	6523.0	6641.0	8822.0	11848.0	45067.0	135839.0	598727.0	53174.0	270670.0	27919646.0
