Sample	3	4	5	6	7	8	9	10	11	12	13	14	15	16	17	18	19	20	21	22	23	24	25	26	27	28	29	30	31	32	33	34	35	36	37	38	39	40	41	42	43	44	45	46	47	48	49	50	51
8601_RG15-S1_IndexD706-D508_GAATTCGT+GTACTGAC_L007_R1_001 - Adapter 1	579076	122678	24345	1484	749	228	640	754	653	238	102	124	84	98	74	81	65	61	52	54	56	42	42	61	44	56	61	85	74	80	64	43	72	269	69	61	103	36	47	55	52	71	72	111	59	114	53	27	191
8601_RG16-S1_IndexD708-D502_TAATGCGC+ATAGAGGC_L007_R1_001 - Adapter 1	588636	129774	24643	1443	731	250	609	786	564	240	96	90	76	68	57	82	50	43	37	41	65	29	51	69	45	34	45	72	75	85	56	51	72	221	66	56	84	32	52	40	66	65	55	104	70	101	47	22	85
8601_RG17-S1_IndexD708-D503_TAATGCGC+CCTATCCT_L007_R1_001 - Adapter 1	598334	132930	25018	1450	711	252	593	750	623	239	118	119	71	85	72	58	47	59	39	35	57	39	41	57	35	41	45	69	91	68	46	45	55	175	60	41	75	27	57	36	52	61	51	138	57	96	26	21	127
8601_RG19-S1_IndexD708-D504_TAATGCGC+GGCTCTGA_L007_R1_001 - Adapter 1	591055	129516	25259	1561	709	256	695	747	584	246	122	107	81	69	60	77	59	66	37	50	50	34	47	52	38	51	45	62	89	62	65	38	62	174	53	55	69	33	32	62	69	69	70	87	59	97	25	23	166
8601_RG21_IndexD706-D505_GAATTCGT+AGGCGAAG_L005_R1_001 - Adapter 1	589544	119940	31249	2125	839	147	642	920	710	545	145	288	127	114	95	82	59	54	49	194	140	85	98	135	85	64	73	172	194	68	32	66	35	34	42	65	27	29	37	44	108	27	106	134	85	107	53	49	1509
8601_RG24_IndexD706-D506_GAATTCGT+TAATCTTA_L005_R1_001 - Adapter 1	595301	116243	28351	1882	560	127	630	813	553	278	161	335	175	155	107	84	75	58	39	315	165	86	138	217	105	79	77	161	168	77	50	63	54	56	44	56	40	50	43	55	164	32	123	155	46	146	32	33	819
8601_RG25_IndexD707-D501_CTGAAGCT+TATAGCCT_L005_R1_001 - Adapter 1	587772	114282	28897	2064	793	235	850	1074	700	349	218	400	211	204	138	108	82	88	38	311	234	82	131	244	156	87	103	244	219	88	57	86	76	56	56	88	52	48	37	72	240	42	98	188	76	160	45	37	627
8601_RG26_IndexD707-D502_CTGAAGCT+ATAGAGGC_L005_R1_001 - Adapter 1	608211	116815	31149	1941	700	193	749	932	688	294	167	355	194	206	129	115	96	110	49	387	222	118	154	278	174	119	118	224	196	102	84	60	63	55	64	81	42	42	45	54	238	44	112	202	86	128	55	43	332
8601_RG27_IndexD707-D503_CTGAAGCT+CCTATCCT_L005_R1_001 - Adapter 1	593961	115368	30030	1871	570	164	622	910	576	337	175	343	167	199	112	101	82	96	34	315	195	100	169	207	146	80	89	226	216	104	69	98	46	50	46	70	46	53	50	70	244	34	122	238	81	121	43	32	317
8601_RG29_IndexD707-D504_CTGAAGCT+GGCTCTGA_L005_R1_001 - Adapter 1	589480	114316	29506	1863	631	196	731	975	637	314	183	374	195	209	124	116	96	91	50	376	241	97	166	270	189	94	118	178	193	94	70	90	72	47	44	78	38	30	56	61	248	27	110	185	73	135	32	42	597
8601_RG33-S1_IndexD708-D505_TAATGCGC+AGGCGAAG_L007_R1_001 - Adapter 1	589222	133040	25308	1629	766	274	683	825	660	231	132	115	95	98	91	66	57	57	25	43	57	45	47	43	51	31	29	51	57	45	55	44	44	44	35	40	69	53	50	32	47	40	56	111	34	104	28	17	147
8601_RG34-S1_IndexD708-D506_TAATGCGC+TAATCTTA_L005_R1_001 - Adapter 1	602415	133978	25314	1650	844	369	770	947	700	270	156	152	105	107	90	96	71	72	43	42	66	34	48	58	52	44	42	71	56	65	59	63	67	57	56	53	82	60	39	50	54	56	63	113	47	107	43	28	168
8601_RG34_IndexD707-D506_CTGAAGCT+TAATCTTA_L007_R1_001 - Adapter 1	588873	119640	33481	2270	825	183	784	921	750	335	160	324	213	187	121	81	72	93	39	312	187	98	139	211	129	75	71	180	228	94	55	61	65	37	48	73	26	37	41	58	114	30	116	166	67	127	41	33	317
8601_RG35-S1_IndexD708-D507_TAATGCGC+CAGGACGT_L005_R1_001 - Adapter 1	592790	132814	25378	1720	898	349	768	916	731	329	172	170	130	107	99	95	87	59	49	51	58	41	31	32	40	20	27	42	75	49	38	56	46	48	25	33	54	39	33	51	53	40	70	100	34	109	33	18	168
8601_RG35_IndexD707-D507_CTGAAGCT+CAGGACGT_L007_R1_001 - Adapter 1	579211	117241	32728	2063	830	230	789	874	742	362	173	374	196	179	144	75	105	72	51	298	194	89	135	228	138	74	96	206	209	109	45	58	59	34	50	101	45	41	38	54	134	32	88	191	74	152	43	36	451
8601_RG36-S1_IndexD708-D508_TAATGCGC+GTACTGAC_L005_R1_001 - Adapter 1	593240	131676	25574	1536	838	267	721	787	685	243	124	125	87	84	62	85	50	65	38	49	69	31	38	51	46	36	37	64	57	44	50	57	60	59	40	46	63	40	40	35	41	47	57	88	37	102	28	14	93
8601_RG36_IndexD707-D508_CTGAAGCT+GTACTGAC_L007_R1_001 - Adapter 1	575557	115484	31730	2075	808	214	751	901	779	316	161	392	177	207	114	78	71	73	42	313	179	60	139	210	143	60	91	182	221	81	41	88	53	34	23	67	23	23	41	43	104	26	88	156	73	129	53	26	788
