Sample	1.0	2.0	3.0	4.0	5.0	6.0	7.0	8.0	9.0	>10	>50	>100	>500	>1k	>5k	>10k+	1.0	2.0	3.0	4.0	5.0	6.0	7.0	8.0	9.0	1.0	2.0	3.0	4.0	5.0	6.0	7.0	8.0	9.0	1.0	2.0	3.0	4.0	5.0	6.0	7.0	8.0	9.0	1.0	2.0	3.0	4.0	5.0	6.0	7.0	8.0	9.0	1.0	2.0	3.0	4.0	5.0	6.0	7.0	8.0	9.0	1.0	2.0	3.0	4.0	5.0	6.0	7.0	8.0	9.0	1.0	2.0	3.0	4.0	5.0	6.0	7.0	8.0	9.0	1.0	2.0	3.0	4.0	5.0	6.0	7.0	8.0	9.0	1.0	2.0	3.0	4.0	5.0	6.0	7.0	8.0	9.0	1.0	2.0	3.0	4.0	5.0	6.0	7.0	8.0	9.0	1.0	2.0	3.0	4.0	5.0	6.0	7.0	8.0	9.0	1.0	2.0	3.0	4.0	5.0	6.0	7.0	8.0	9.0	1.0	2.0	3.0	4.0	5.0	6.0	7.0	8.0	9.0	1.0	2.0	3.0	4.0	5.0	6.0	7.0	8.0	9.0	1.0	2.0	3.0	4.0	5.0	6.0	7.0	8.0	9.0	1.0	2.0	3.0	4.0	5.0	6.0	7.0	8.0	9.0
8601_RG15-S1_IndexD706-D508_GAATTCGT+GTACTGAC_L007_R1_001										19.97294529463176	4.288629545722685	5.350147818776874	1.8135902263777062	3.91401239128526	0.7601025220629489	0.12855416602692407																																																																																																																																																
8601_RG16-S1_IndexD708-D502_TAATGCGC+ATAGAGGC_L007_R1_001										19.33540274853969	4.205777147810862	5.878463894786334	2.1534130898346984	4.916300167117734	1.326738230267545	0.626497082511015																																																																																																																																																
8601_RG17-S1_IndexD708-D503_TAATGCGC+CCTATCCT_L007_R1_001										18.74554903425032	4.100237280065183	5.857402741423754	2.259754308184334	5.402231376433496	1.5540049397042672	0.8057936949366797																																																																																																																																																
8601_RG19-S1_IndexD708-D504_TAATGCGC+GGCTCTGA_L007_R1_001										19.547605969095088	4.385928127758915	5.967941637049341	2.1203837298040913	4.735354464366522	1.2245047862599139	0.501069047223296																																																																																																																																																
8601_RG21_IndexD706-D505_GAATTCGT+AGGCGAAG_L005_R1_001										21.171185543382705	5.964052799583391	9.550601577090303	2.4389616038474564	2.597202408584165	0.09685171527617453	0.0																																																																																																																																																
8601_RG24_IndexD706-D506_GAATTCGT+TAATCTTA_L005_R1_001										22.431816253928964	6.294986144339348	9.608497270228472	2.212101752917505	1.3515384269928055	0.0	0.0																																																																																																																																																
8601_RG25_IndexD707-D501_CTGAAGCT+TATAGCCT_L005_R1_001										23.543745316287417	6.449632428272126	9.63522958664309	2.2079094564225747	1.3380187759107298	0.0	0.0																																																																																																																																																
8601_RG26_IndexD707-D502_CTGAAGCT+ATAGAGGC_L005_R1_001										23.528215491348824	6.816900464210458	10.711730387503803	2.507427615770206	2.1627575097060077	0.07516717972386439	0.0																																																																																																																																																
8601_RG27_IndexD707-D503_CTGAAGCT+CCTATCCT_L005_R1_001										23.131487893221912	6.9374336867837725	10.633024024884378	2.5485877343080108	2.2801639661037743	0.13137232166307078	0.0																																																																																																																																																
8601_RG29_IndexD707-D504_CTGAAGCT+GGCTCTGA_L005_R1_001										23.197115518977	6.902860280818408	10.418964284040465	2.3822732556897352	1.9105930559689996	0.05456603600284855	0.0																																																																																																																																																
8601_RG33-S1_IndexD708-D505_TAATGCGC+AGGCGAAG_L007_R1_001										21.175104002300614	5.085164590278866	6.828935651001372	2.123865825068918	4.44509345619987	1.1135381979357746	0.5168201698518491																																																																																																																																																
8601_RG34-S1_IndexD708-D506_TAATGCGC+TAATCTTA_L005_R1_001										19.080271462135926	4.498464061433303	6.110460395046182	2.0644188336100293	4.359037162096754	1.1046618828537746	0.4565226638021555																																																																																																																																																
8601_RG34_IndexD707-D506_CTGAAGCT+TAATCTTA_L007_R1_001										22.361643074357616	6.59779654332376	11.260229353064053	3.191502659891853	3.3844457194770396	0.3403733481926398	0.04124472203036747																																																																																																																																																
8601_RG35-S1_IndexD708-D507_TAATGCGC+CAGGACGT_L005_R1_001										20.693166283030777	4.899581669586095	6.536771615665405	2.0444019541607816	3.936781229296277	1.0923706326865594	0.3457748769208944																																																																																																																																																
8601_RG35_IndexD707-D507_CTGAAGCT+CAGGACGT_L007_R1_001										22.50145223910251	6.739263173243586	11.242288501023387	3.234950325285346	3.4553516251596217	0.35542451715535617	0.040391079826212976																																																																																																																																																
8601_RG36-S1_IndexD708-D508_TAATGCGC+GTACTGAC_L005_R1_001										20.12945886363938	4.754362241774357	6.485861053332993	1.9559815488209829	3.8960470851580378	1.0048115623713119	0.35929977624111803																																																																																																																																																
8601_RG36_IndexD707-D508_CTGAAGCT+GTACTGAC_L007_R1_001										22.333461515874173	6.589690828604164	11.07088811847292	3.0837174745387808	3.1454111043807425	0.32342802894884765	0.03773912962210854																																																																																																																																																
