Sample	r_processed	r_with_adapters	bp_processed	quality_trimmed	bp_written	percent_trimmed
8601_RG15-S1_IndexD706-D508_GAATTCGT+GTACTGAC_L007_R1_001	29627302	733810	1510992402	1978581	1506528662	0.29541776610469017
8601_RG16-S1_IndexD708-D502_TAATGCGC+ATAGAGGC_L007_R1_001	30197128	750231	1540053528	2017470	1535507203	0.2952056482026383
8601_RG17-S1_IndexD708-D503_TAATGCGC+CCTATCCT_L007_R1_001	30556315	763392	1558372065	2038162	1553764510	0.29566462999964005
8601_RG19-S1_IndexD708-D504_TAATGCGC+GGCTCTGA_L007_R1_001	30386354	753194	1549704054	2112917	1545051879	0.3001976401876277
8601_RG21_IndexD706-D505_GAATTCGT+AGGCGAAG_L005_R1_001	29638953	751571	1511586603	2255144	1506703432	0.3230493701325825
8601_RG24_IndexD706-D506_GAATTCGT+TAATCTTA_L005_R1_001	28815919	749576	1469611869	2156856	1464868281	0.32277828589039514
8601_RG25_IndexD707-D501_CTGAAGCT+TATAGCCT_L005_R1_001	29451584	742543	1502030784	2407585	1497038641	0.33235956634028613
8601_RG26_IndexD707-D502_CTGAAGCT+ATAGAGGC_L005_R1_001	30596397	767015	1560416247	2598902	1555166416	0.33643785817362104
8601_RG27_IndexD707-D503_CTGAAGCT+CCTATCCT_L005_R1_001	29276526	749395	1493102826	2322539	1488195307	0.32867923859920417
8601_RG29_IndexD707-D504_CTGAAGCT+GGCTCTGA_L005_R1_001	29554226	744138	1507265526	2473858	1502207540	0.33557365392831257
8601_RG33-S1_IndexD708-D505_TAATGCGC+AGGCGAAG_L007_R1_001	30305824	754923	1545597024	2108470	1540950005	0.3006617460981861
8601_RG34-S1_IndexD708-D506_TAATGCGC+TAATCTTA_L005_R1_001	30500534	769992	1555527234	2402741	1550524399	0.3216166770115193
8601_RG34_IndexD707-D506_CTGAAGCT+TAATCTTA_L007_R1_001	29823901	752588	1521018951	2072012	1516352193	0.3068178734348984
8601_RG35-S1_IndexD708-D507_TAATGCGC+CAGGACGT_L005_R1_001	30539179	759175	1557498129	2379350	1552561108	0.31698407260173345
8601_RG35_IndexD707-D507_CTGAAGCT+CAGGACGT_L007_R1_001	29645074	739941	1511898774	2060426	1507273704	0.30591135329540253
8601_RG36-S1_IndexD708-D508_TAATGCGC+GTACTGAC_L005_R1_001	30311271	757806	1545874821	2327324	1541003328	0.31512855593628947
8601_RG36_IndexD707-D508_CTGAAGCT+GTACTGAC_L007_R1_001	29129716	733488	1485615516	2062494	1481006190	0.3102637223667769
