Sample	Slamdunk_mqc-generalstats-slamdunk-counted	Slamdunk_mqc-generalstats-slamdunk-retained	Slamdunk_mqc-generalstats-slamdunk-mapped	Slamdunk_mqc-generalstats-slamdunk-sequenced	Cutadapt_mqc-generalstats-cutadapt-percent_trimmed	FastQC_mqc-generalstats-fastqc-percent_duplicates	FastQC_mqc-generalstats-fastqc-percent_gc	FastQC_mqc-generalstats-fastqc-avg_sequence_length	FastQC_mqc-generalstats-fastqc-percent_fails	FastQC_mqc-generalstats-fastqc-total_sequences
8601_RG15-S1_IndexD706-D508_GAATTCGT+GTACTGAC_L007_R1_001	876479	25091194	29476146	29622738	0.29541776610469017	62.30711863188591	48.0	50.855924627899014	18.181818181818183	29622738.0
8601_RG16-S1_IndexD708-D502_TAATGCGC+ATAGAGGC_L007_R1_001	882297	25144646	30039749	30192872	0.2952056482026383	63.02674398881741	47.0	50.855502384801284	18.181818181818183	30192872.0
8601_RG17-S1_IndexD708-D503_TAATGCGC+CCTATCCT_L007_R1_001	882204	25291725	30396989	30552181	0.29566462999964005	62.97716476216627	47.0	50.85508736675788	18.181818181818183	30552181.0
8601_RG19-S1_IndexD708-D504_TAATGCGC+GGCTCTGA_L007_R1_001	888433	25366367	30232205	30381484	0.3001976401876277	63.272000876944325	48.0	50.85399064114182	18.181818181818183	30381484.0
8601_RG21_IndexD706-D505_GAATTCGT+AGGCGAAG_L005_R1_001	830301	26102169	29508819	29633629	0.3230493701325825	65.24636696500484	50.0	50.84328794154776	9.090909090909092	29633629.0
8601_RG24_IndexD706-D506_GAATTCGT+TAATCTTA_L005_R1_001	910792	25420511	28672902	28811266	0.32277828589039514	66.10243971349419	49.0	50.84239633898767	9.090909090909092	28811266.0
8601_RG25_IndexD707-D501_CTGAAGCT+TATAGCCT_L005_R1_001	967128	25957375	29310176	29445979	0.33235956634028613	70.65448731613075	51.0	50.83875788269767	18.181818181818183	29445979.0
8601_RG26_IndexD707-D502_CTGAAGCT+ATAGAGGC_L005_R1_001	1037411	26702433	30455387	30591313	0.33643785817362104	70.82648466536305	51.0	50.835443970646175	9.090909090909092	30591313.0
8601_RG27_IndexD707-D503_CTGAAGCT+CCTATCCT_L005_R1_001	1006178	25507960	29140760	29272090	0.32867923859920417	68.79287579150764	51.0	50.83873952970218	9.090909090909092	29272090.0
8601_RG29_IndexD707-D504_CTGAAGCT+GGCTCTGA_L005_R1_001	995475	25747322	29416628	29549101	0.33557365392831257	68.45281891034091	51.0	50.83631634004703	9.090909090909092	29549101.0
8601_RG33-S1_IndexD708-D505_TAATGCGC+AGGCGAAG_L007_R1_001	841215	25393286	30159611	30301709	0.3006617460981861	65.36699119921722	47.0	50.85260448511337	18.181818181818183	30301709.0
8601_RG34-S1_IndexD708-D506_TAATGCGC+TAATCTTA_L005_R1_001	843785	25393026	30335585	30496056	0.3216166770115193	60.922377779755635	47.0	50.84238581539856	18.181818181818183	30496056.0
8601_RG34_IndexD707-D506_CTGAAGCT+TAATCTTA_L007_R1_001	853663	26241711	29702261	29819664	0.3068178734348984	69.62903931052435	51.0	50.84957523330913	9.090909090909092	29819664.0
8601_RG35-S1_IndexD708-D507_TAATGCGC+CAGGACGT_L005_R1_001	849004	25516617	30391533	30535774	0.31698407260173345	62.6502536938235	47.0	50.843034075376636	18.181818181818183	30535774.0
8601_RG35_IndexD707-D507_CTGAAGCT+CAGGACGT_L007_R1_001	852370	26058746	29526376	29640803	0.30591135329540253	70.03715357113128	51.0	50.85013192793731	18.181818181818183	29640803.0
8601_RG36-S1_IndexD708-D508_TAATGCGC+GTACTGAC_L005_R1_001	835438	25319156	30158018	30307840	0.31512855593628947	61.81707984126806	47.0	50.84412092712645	18.181818181818183	30307840.0
8601_RG36_IndexD707-D508_CTGAAGCT+GTACTGAC_L007_R1_001	834446	25624540	29006194	29125225	0.3102637223667769	69.62913426085765	51.0	50.84843413226851	9.090909090909092	29125225.0
