Sample	A>C	A>G	A>T	C>A	C>G	C>T	G>A	G>C	G>T	T>A	T>C	T>G
8601_RG15-S1_IndexD706-D508_GAATTCGT+GTACTGAC_L007_R1_001	0.015391691436745627	0.1195917647845459	0.017393559576852083	0.01791824933140102	0.012563714055406388	0.07244647768071581	0.07159541440364822	0.025010752467540448	0.0198637100815185	0.018477977890996415	0.07012215855016449	0.014916916869388576
8601_RG16-S1_IndexD708-D502_TAATGCGC+ATAGAGGC_L007_R1_001	0.014826856311902845	0.11823233365863793	0.01672055077450175	0.017495040879389828	0.012452041106324818	0.07099662180515202	0.07069509188435973	0.024130593808873408	0.019712781092620008	0.017799026577317936	0.06712715260513986	0.014185163933732228
8601_RG17-S1_IndexD708-D503_TAATGCGC+CCTATCCT_L007_R1_001	0.014416195876300369	0.1176329748416326	0.01648393131956455	0.017406432614496196	0.012239490012660358	0.07019244368664117	0.07130404708378048	0.023960899255021127	0.019628343837567553	0.017876685066912135	0.06548686084419562	0.014005906592243328
8601_RG19-S1_IndexD708-D504_TAATGCGC+GGCTCTGA_L007_R1_001	0.014714324901569016	0.11922870702428785	0.0168221078511356	0.01751257963967411	0.012538801674828418	0.07110146046700308	0.07138700640383493	0.024107016817386234	0.01976592729560268	0.017832329164937395	0.06817600911609145	0.01436597350939594
8601_RG21_IndexD706-D505_GAATTCGT+AGGCGAAG_L005_R1_001	0.019049821485070575	0.11455802232088871	0.021058010610038706	0.01746226306597501	0.012685705646393292	0.0711379504934545	0.06705237375666442	0.025779573980971582	0.0209726128855047	0.018105849308164865	0.07817925588030161	0.015943446178243725
8601_RG24_IndexD706-D506_GAATTCGT+TAATCTTA_L005_R1_001	0.019848135378355815	0.12806280073168377	0.024613190405258906	0.018833603456286874	0.013225491713707408	0.07812673331659757	0.07929642649250133	0.027340699877762664	0.024498036958693722	0.01998867715225442	0.08503266561684521	0.017098272067367623
8601_RG25_IndexD707-D501_CTGAAGCT+TATAGCCT_L005_R1_001	0.019716482069922207	0.13262597644540422	0.022088734553652668	0.018471747853965898	0.012881905270848308	0.07479661528426623	0.07707109305665466	0.02611618648094481	0.022856974646423885	0.020373668588097978	0.08799259468298906	0.017061399117121453
8601_RG26_IndexD707-D502_CTGAAGCT+ATAGAGGC_L005_R1_001	0.01947855739920543	0.13198977330959288	0.022631056936484532	0.017735619781545076	0.01278612436698126	0.07240854753539015	0.07481428190527002	0.025725082766534315	0.022425206055263165	0.01975675611732541	0.08652829589175884	0.01713974152972018
8601_RG27_IndexD707-D503_CTGAAGCT+CCTATCCT_L005_R1_001	0.01929008984842235	0.1311694089819906	0.02216811135780958	0.018472585245205956	0.01244974519745472	0.07441971166495452	0.07468010043011994	0.025257543468129008	0.022056263134671742	0.019424937666929726	0.08584315029862191	0.01731399493473868
8601_RG29_IndexD707-D504_CTGAAGCT+GGCTCTGA_L005_R1_001	0.019486836529608188	0.1320659039944402	0.022719667143117635	0.017895820162910987	0.012701469287822259	0.07288789585338104	0.07548768049748136	0.02607243171753418	0.022233254731876956	0.019942640698553418	0.08769567545135042	0.01708759660226749
8601_RG33-S1_IndexD708-D505_TAATGCGC+AGGCGAAG_L007_R1_001	0.013730063388340295	0.11391596568727407	0.016425074701497074	0.017217534266753643	0.011770337501552586	0.07054881686401043	0.07132189150632642	0.0239337888024031	0.020394029022779207	0.01727211681114918	0.06334239818719715	0.01377135027568698
8601_RG34-S1_IndexD708-D506_TAATGCGC+TAATCTTA_L005_R1_001	0.016210333634441233	0.11195100956091142	0.017092272805139322	0.01761047132352704	0.012053117840020729	0.07191100149126477	0.07123098817639896	0.025984528655354444	0.021382930141100712	0.017133713244900053	0.0640832101054338	0.013790820305032878
8601_RG34_IndexD707-D506_CTGAAGCT+TAATCTTA_L007_R1_001	0.01713291868844808	0.1169656252244816	0.018884369680308318	0.01784736313945443	0.012715337623128655	0.06770332706324175	0.0673932265253985	0.021835738480263784	0.019028425597633417	0.01878725642108478	0.07945760755609232	0.015942283539017856
8601_RG35-S1_IndexD708-D507_TAATGCGC+CAGGACGT_L005_R1_001	0.01674309738161755	0.11469756155046817	0.017358635288419806	0.017657455457514466	0.012285415014375696	0.07234108697837292	0.07144775967587552	0.026716839966001823	0.02118547061774275	0.017599293833780744	0.06569359584255206	0.01399375408209989
8601_RG35_IndexD707-D507_CTGAAGCT+CAGGACGT_L007_R1_001	0.016862653125919766	0.11737643744941337	0.01893793352696455	0.017848877341146308	0.012432363765120882	0.06779415072681647	0.06655996856145419	0.02225392334597469	0.01860645016820109	0.01893271133763346	0.07945717853179445	0.015906129590507162
8601_RG36-S1_IndexD708-D508_TAATGCGC+GTACTGAC_L005_R1_001	0.01671711826947681	0.11402022481001128	0.017336968238165756	0.01740853729851033	0.012356772639745653	0.07272634782334807	0.07195590635261452	0.027245210154949007	0.020978820935384664	0.017756365239060157	0.0667995727328928	0.014296383722346392
8601_RG36_IndexD707-D508_CTGAAGCT+GTACTGAC_L007_R1_001	0.017657844322532274	0.1200041335164439	0.01904379017527306	0.017562336639076397	0.012601737448531559	0.06881029221631438	0.06727930316315754	0.0223644556168315	0.01899424766943204	0.018542500733966506	0.0796656066100209	0.015888955412045273
