Sample	A>C	A>G	A>T	C>A	C>G	C>T	G>A	G>C	G>T	T>A	T>C	T>G
8601_RG15-S1_IndexD706-D508_GAATTCGT+GTACTGAC_L007_R1_001	0.01827621752780492	0.08158613640654816	0.020518692258154118	0.023240834889120494	0.027068922155235937	0.08307853794867746	0.08068757005804081	0.014069719484253496	0.02093944622079993	0.018924417114019754	0.13526797253296108	0.016098929414085222
8601_RG16-S1_IndexD708-D502_TAATGCGC+ATAGAGGC_L007_R1_001	0.01783677458131222	0.08154368466168203	0.021045808342986944	0.023164135805694843	0.02656495353496615	0.08443082158609642	0.08241589921413114	0.014342219581755543	0.0210236193716151	0.019063387321855335	0.13459643392014947	0.016120165102010996
8601_RG17-S1_IndexD708-D503_TAATGCGC+CCTATCCT_L007_R1_001	0.017764332235342854	0.08083553268891555	0.020403201677629625	0.023528244106379523	0.0264410439531112	0.08385919503359661	0.08195346871285404	0.014278026436717148	0.021150703397560523	0.0190716493789751	0.13236483109173444	0.015861991125777228
8601_RG19-S1_IndexD708-D504_TAATGCGC+GGCTCTGA_L007_R1_001	0.018075629676706326	0.08198503068218312	0.02058787506473492	0.023086350919694673	0.02636866326339631	0.08310732230867207	0.08093168152431372	0.014124385124262841	0.020813906483343823	0.019028388891780344	0.13447681859793958	0.015979027925840668
8601_RG21_IndexD706-D505_GAATTCGT+AGGCGAAG_L005_R1_001	0.015822402059897094	0.11355685617853836	0.02126245793129555	0.025365822601848727	0.030067658253549824	0.0947112307194626	0.08965892269933845	0.014954871180840101	0.023652652034188832	0.02230655108955128	0.1355752518747105	0.01997203378201601
8601_RG24_IndexD706-D506_GAATTCGT+TAATCTTA_L005_R1_001	0.015297188708926972	0.10756018226935134	0.024123546414044097	0.02693683472584661	0.029098194618797358	0.10710339908931316	0.09536604613541105	0.014654420776096105	0.022321176322335545	0.022387573678960153	0.13054215821166607	0.023163609919938356
8601_RG25_IndexD707-D501_CTGAAGCT+TATAGCCT_L005_R1_001	0.015073301708663478	0.11097314657295737	0.023156568724487597	0.024491800385157574	0.02736672417073507	0.10356436859559764	0.09060222386048483	0.014129616838502723	0.021636413447005832	0.019349956603741125	0.13541365959186025	0.024153983165657877
8601_RG26_IndexD707-D502_CTGAAGCT+ATAGAGGC_L005_R1_001	0.015885579311448256	0.1176077498150481	0.023126440153900345	0.02525355479566918	0.026178572826086877	0.10291086779413265	0.09031937780716079	0.014165447998998253	0.02263843170597787	0.018926775805363623	0.13473103525630067	0.02606256944270217
8601_RG27_IndexD707-D503_CTGAAGCT+CCTATCCT_L005_R1_001	0.0159508264535636	0.11602280435000285	0.02317461859738891	0.02562327912397186	0.025894456419458128	0.10548371751632846	0.09039349041048615	0.014602492655814954	0.022525351817885515	0.01914920112434172	0.1335553627248713	0.025834265848902114
8601_RG29_IndexD707-D504_CTGAAGCT+GGCTCTGA_L005_R1_001	0.0154836658266031	0.11549478998810701	0.023221104964130927	0.024568896451909756	0.02682359190752376	0.10125868269154274	0.08843693141772553	0.01385065660396562	0.022265590026383227	0.0190572913493051	0.1334244353832265	0.025209556550963182
8601_RG33-S1_IndexD708-D505_TAATGCGC+AGGCGAAG_L007_R1_001	0.017007466545912595	0.07999534295802768	0.02112504347959447	0.02374483234804764	0.0258939953159543	0.08078038733128576	0.07679817691818781	0.013690264794774564	0.020722060115403437	0.017390442629357555	0.12987963730567248	0.01587273127261362
8601_RG34-S1_IndexD708-D506_TAATGCGC+TAATCTTA_L005_R1_001	0.017188150409488276	0.08053476338643877	0.021230585519823444	0.024519515724776675	0.02826172457421334	0.08117172904866785	0.0779543999321203	0.013838846531335155	0.020903432522855897	0.018326655065580212	0.1271768879074066	0.017898496760233373
8601_RG34_IndexD707-D506_CTGAAGCT+TAATCTTA_L007_R1_001	0.015625528111132908	0.12369549905341577	0.02004014238474456	0.024096181917723065	0.026770479758698833	0.09985323113432049	0.08808031385134205	0.01437777554471223	0.025059146018562645	0.019052455808615965	0.13931283834341593	0.017973998751559608
8601_RG35-S1_IndexD708-D507_TAATGCGC+CAGGACGT_L005_R1_001	0.017432244350004636	0.08101502536349345	0.021433911410925773	0.02460791685394192	0.028724460961828027	0.08033498198420157	0.077046522387728	0.01371867465670115	0.02059226438761117	0.018333321320989946	0.12973975198220467	0.01824311368482702
8601_RG35_IndexD707-D507_CTGAAGCT+CAGGACGT_L007_R1_001	0.015466209333257203	0.12416285126075732	0.019789853219103582	0.02366618906638248	0.025582273669867747	0.0987329951036656	0.0879284123121501	0.0142930909035576	0.024398280310829717	0.019205548138320216	0.13922590445721458	0.018447046146775167
8601_RG36-S1_IndexD708-D508_TAATGCGC+GTACTGAC_L005_R1_001	0.01732643249823746	0.0814432991756865	0.02099881543699911	0.024364708626629712	0.028766823238809604	0.08004358162821903	0.07776234163711279	0.013826919377776378	0.020458781809078008	0.018600016233788704	0.12969936898090872	0.018110419882197543
8601_RG36_IndexD707-D508_CTGAAGCT+GTACTGAC_L007_R1_001	0.01569530921102153	0.12170946366457996	0.02055122024955789	0.0237706123527433	0.026836512369015096	0.09807011137298793	0.08830597552460348	0.014324401732689911	0.02407869837446004	0.0192898992500389	0.14002686631348898	0.018101901042710457
