	3	4	5	6	7	8	9	10	11	12	19	30
RT_Gad2_1.filtered - Adapter 1	0.6432187314094577	0.6396830207316114	0.5351771202801598	0.08979885057471265	0.06465517241379311	0.08620689655172414	11.724137931034484	8.181818181818182	40.0	70.0	7.0	3.0
	3	4	5	6	7	8	9	10	11	12	14	17	19	21	23	24	29	30	31	34	36	38	39	41	51	52	54	60	64	65
RT_Gad2_2.filtered - Adapter 1	0.636359369866871	0.619747570506924	0.5691830196235483	0.06908289947937525	0.028033640368442133	0.06410256410256411	14.038461538461538	17.94871794871795	23.0	15.0	10.0	10.0	10.0	70.0	10.0	30.0	10.0	10.0	30.0	10.0	10.0	10.0	10.0	20.0	10.0	10.0	10.0	10.0	10.0	20.0
	3	4	5	6	7	8	9	10	11	12	14	22
RT_Gad2_3.filtered - Adapter 1	0.6341477350846274	0.6340216125875824	0.5362397508784961	0.07541995200548508	0.06398537477148081	0.054844606946983544	15.547445255474454	12.352941176470589	18.88888888888889	20.0	10.0	20.0
	3	4	5	6	7	8	9	10	11	12	35	44	47	54	70	78
RT_vGluT2_1.filtered - Adapter 1	0.47505334554677203	0.619920259659118	0.4098187055235513	0.1126736699423924	0.02710945442222975	0.08130081300813008	8.967391304347826	14.782608695652176	40.833333333333336	10.0	10.0	10.0	10.0	10.0	10.0	10.0
	3	4	5	6	7	8	9	10	11	12	14	18	20	21	22	28	29	30	31	35	37	39	42	44	50	61	66	72	73	74	76
RT_vGluT2_3.filtered - Adapter 1	0.4795939966334378	0.592233910017861	0.4678504039866467	0.0999870984389111	0.025806451612903226	0.07223942208462332	16.280991735537192	8.524590163934427	42.0	20.0	110.0	10.0	10.0	20.0	20.0	20.0	10.0	10.0	10.0	10.0	10.0	10.0	10.0	10.0	10.0	20.0	10.0	10.0	10.0	10.0	30.0
	3	4	5	6	7	8	9	10	11	12	13	14	15	16	17	18	19	20	21	22	23	24	25	26	27	28	29	30	31	32	33	34	35	36	37	38	39	40	41	42	43	44	45	46	47	48	49	50	51	52	53	54	55	56	57	58	59	60	61	62	63	64	65	66	67	68	69	70	71	72	73	74	75	76	77	78	79	80	81	82	83	84	85	86	87	88	95	96	98	99	102	113
S1_Gad2_1.filtered - Adapter 1	1.9998117692988755	1.3987535031580707	1.0652537646402678	2.279723399509257	7.056199821587868	8.392857142857142	14.142857142857142	106.66666666666666	867.5	610.0	5680.0	2460.0	2430.0	4280.0	610.0	510.0	2930.0	3380.0	2130.0	950.0	3510.0	1580.0	1570.0	1300.0	1330.0	15020.0	2710.0	710.0	5240.0	19000.0	640.0	5050.0	8880.0	1420.0	980.0	9980.0	1490.0	1100.0	560.0	800.0	1690.0	4700.0	900.0	840.0	3050.0	700.0	8240.0	7290.0	320.0	370.0	550.0	990.0	650.0	6320.0	250.0	4290.0	1160.0	320.0	1020.0	3010.0	6670.0	1160.0	2780.0	880.0	690.0	380.0	30.0	30.0	80.0	120.0	60.0	240.0	20.0	10.0	50.0	40.0	30.0	10.0	130.0	170.0	30.0	250.0	60.0	70.0	10.0	30.0	10.0	10.0	10.0	10.0	10.0	10.0
	3	4	5	6	7	8	9	10	11	12	13	14	15	16	17	18	19	20	21	22	23	24	25	26	27	28	29	30	31	32	33	34	35	36	37	38	39	40	41	42	43	44	45	46	47	48	49	50	51	52	53	54	55	56	57	58	59	60	61	62	63	64	65	66	67	68	69	71	72	73	74	75	76	77	78	79	80	81	82	83	84	85	86	88	89	98
S1_Gad2_2.filtered - Adapter 1	1.8046059913118333	1.2917292633314277	1.0412678153584343	2.265475430759413	5.148936170212766	4.45578231292517	10.136986301369863	97.22222222222221	684.0	530.0	5950.0	3050.0	2570.0	3630.0	560.0	590.0	3030.0	3090.0	1730.0	1220.0	3690.0	1260.0	1300.0	1650.0	1850.0	14150.0	2560.0	1190.0	5170.0	16030.0	650.0	4430.0	9350.0	1440.0	850.0	7360.0	1150.0	1070.0	730.0	860.0	900.0	4420.0	880.0	760.0	2320.0	700.0	6550.0	4950.0	390.0	430.0	270.0	760.0	500.0	5640.0	210.0	4350.0	1000.0	180.0	590.0	1870.0	5540.0	590.0	2260.0	530.0	550.0	300.0	10.0	20.0	100.0	40.0	180.0	50.0	20.0	20.0	10.0	40.0	90.0	50.0	100.0	20.0	130.0	20.0	20.0	10.0	20.0	10.0
	3	4	5	6	7	8	9	10	11	12	13	14	15	16	17	18	19	20	21	22	23	24	25	26	27	28	29	30	31	32	33	34	35	36	37	38	39	40	41	42	43	44	45	46	47	48	49	50	51	52	53	54	55	56	57	58	59	60	61	62	63	64	65	66	67	68	69	70	71	72	73	74	75	76	77	78	79	80	81	82	83	84	85	86	87	89	90	91	92	96	97	101
S1_Gad2_3.filtered - Adapter 1	1.8899733806566106	1.281055900621118	1.0362530105209786	2.1520912547528517	5.557809330628803	5.910931174089069	9.35483870967742	92.0	522.5	430.0	3830.0	2080.0	1920.0	4140.0	640.0	250.0	2860.0	3070.0	1380.0	840.0	2270.0	1060.0	1140.0	700.0	1050.0	14730.0	1830.0	1060.0	5270.0	17250.0	500.0	3510.0	7090.0	960.0	810.0	7510.0	1200.0	880.0	760.0	740.0	820.0	4820.0	440.0	650.0	2040.0	560.0	5780.0	4660.0	200.0	270.0	220.0	770.0	440.0	4180.0	200.0	3410.0	1000.0	160.0	570.0	1780.0	5280.0	710.0	2470.0	590.0	460.0	300.0	80.0	70.0	50.0	70.0	70.0	310.0	30.0	60.0	30.0	60.0	30.0	90.0	40.0	20.0	20.0	130.0	10.0	10.0	10.0	10.0	30.0	10.0	10.0	10.0	10.0	10.0
	3	4	5	6	7	8	9	10	11	12	13	14	15	16	17	18	19	20	21	22	23	24	25	26	27	28	29	30	31	32	33	34	35	36	37	38	39	40	41	42	43	44	45	46	47	48	49	50	51	52	53	54	55	56	57	58	59	60	61	62	63	64	65	66	67	68	69	70	71	72	73	74	75	76	78	79	80	81	82	84	85	86	92	95	101	109	111	113	114
S1_vGluT2_1.filtered - Adapter 1	1.9028139915149371	1.4834497083259677	1.2206116316068587	3.1412409404277883	7.482319660537482	6.214689265536723	14.545454545454545	102.72727272727272	430.0	430.0	4170.0	2110.0	1980.0	2900.0	740.0	590.0	2620.0	2630.0	1750.0	710.0	3090.0	1080.0	1710.0	990.0	930.0	13140.0	2050.0	1000.0	5340.0	15130.0	580.0	3840.0	7500.0	1390.0	1130.0	6570.0	920.0	760.0	760.0	730.0	1070.0	3750.0	930.0	590.0	2220.0	870.0	6150.0	4910.0	180.0	540.0	320.0	1140.0	470.0	4210.0	170.0	3470.0	890.0	170.0	500.0	2080.0	5150.0	670.0	2150.0	450.0	620.0	310.0	60.0	10.0	80.0	90.0	60.0	160.0	80.0	10.0	30.0	10.0	50.0	80.0	40.0	160.0	30.0	20.0	10.0	10.0	10.0	10.0	10.0	10.0	10.0
	3	4	5	6	9	10	11	12	20	28	34
S1_vGluT2_2.filtered - Adapter 1	0.4681629563169405	0.5262715190938149	0.3241363840287124	0.1031852848811126	8.857142857142858	8.88888888888889	45.0	10.0	2.0	2.0	1.0
	3	4	5	6	7	9	10	11	12	43	44	45	55
S1_vGluT2_3.filtered - Adapter 1	0.44982778591756734	0.46286494530614747	0.411782755446456	0.054000981836033385	0.019646365422396856	6.5625	6.875	40.0	20.0	1.0	1.0	2.0	1.0

