	3	4	5	6	7	8	9	10	11	12	19	30
RT_Gad2_1.filtered - Adapter 1	22922	5699	1192	50	9	3	102	18	20	7	7	3
	3	4	5	6	7	8	9	10	11	12	14	17	19	21	23	24	29	30	31	34	36	38	39	41	51	52	54	60	64	65
RT_Gad2_2.filtered - Adapter 1	40678	9904	2274	69	7	4	219	70	23	3	1	1	1	7	1	3	1	1	3	1	1	1	1	2	1	1	1	1	1	2
	3	4	5	6	7	8	9	10	11	12	14	22
RT_Gad2_3.filtered - Adapter 1	35515	8877	1877	66	14	3	213	42	17	4	1	2
	3	4	5	6	7	8	9	10	11	12	35	44	47	54	70	78
RT_vGluT2_1.filtered - Adapter 1	35888	11708	1935	133	8	6	165	68	49	3	1	1	1	1	1	1
	3	4	5	6	7	8	9	10	11	12	14	18	20	21	22	28	29	30	31	35	37	39	42	44	50	61	66	72	73	74	76
RT_vGluT2_3.filtered - Adapter 1	47581	14689	2901	155	10	7	394	52	63	8	11	1	1	2	2	2	1	1	1	1	1	1	1	1	1	2	1	1	1	1	3
	3	4	5	6	7	8	9	10	11	12	13	14	15	16	17	18	19	20	21	22	23	24	25	26	27	28	29	30	31	32	33	34	35	36	37	38	39	40	41	42	43	44	45	46	47	48	49	50	51	52	53	54	55	56	57	58	59	60	61	62	63	64	65	66	67	68	69	70	71	72	73	74	75	76	77	78	79	80	81	82	83	84	85	86	87	88	95	96	98	99	102	113
S1_Gad2_1.filtered - Adapter 1	57371	10032	1910	1022	791	235	99	192	347	61	568	246	243	428	61	51	293	338	213	95	351	158	157	130	133	1502	271	71	524	1900	64	505	888	142	98	998	149	110	56	80	169	470	90	84	305	70	824	729	32	37	55	99	65	632	25	429	116	32	102	301	667	116	278	88	69	38	3	3	8	12	6	24	2	1	5	4	3	1	13	17	3	25	6	7	1	3	1	1	1	1	1	1
	3	4	5	6	7	8	9	10	11	12	13	14	15	16	17	18	19	20	21	22	23	24	25	26	27	28	29	30	31	32	33	34	35	36	37	38	39	40	41	42	43	44	45	46	47	48	49	50	51	52	53	54	55	56	57	58	59	60	61	62	63	64	65	66	67	68	69	71	72	73	74	75	76	77	78	79	80	81	82	83	84	85	86	88	89	98
S1_Gad2_2.filtered - Adapter 1	54295	9716	1958	1065	605	131	74	175	342	53	595	305	257	363	56	59	303	309	173	122	369	126	130	165	185	1415	256	119	517	1603	65	443	935	144	85	736	115	107	73	86	90	442	88	76	232	70	655	495	39	43	27	76	50	564	21	435	100	18	59	187	554	59	226	53	55	30	1	2	10	4	18	5	2	2	1	4	9	5	10	2	13	2	2	1	2	1
	3	4	5	6	7	8	9	10	11	12	13	14	15	16	17	18	19	20	21	22	23	24	25	26	27	28	29	30	31	32	33	34	35	36	37	38	39	40	41	42	43	44	45	46	47	48	49	50	51	52	53	54	55	56	57	58	59	60	61	62	63	64	65	66	67	68	69	70	71	72	73	74	75	76	77	78	79	80	81	82	83	84	85	86	87	89	90	91	92	96	97	101
S1_Gad2_3.filtered - Adapter 1	47712	8085	1635	849	548	146	58	138	209	43	383	208	192	414	64	25	286	307	138	84	227	106	114	70	105	1473	183	106	527	1725	50	351	709	96	81	751	120	88	76	74	82	482	44	65	204	56	578	466	20	27	22	77	44	418	20	341	100	16	57	178	528	71	247	59	46	30	8	7	5	7	7	31	3	6	3	6	3	9	4	2	2	13	1	1	1	1	3	1	1	1	1	1
	3	4	5	6	7	8	9	10	11	12	13	14	15	16	17	18	19	20	21	22	23	24	25	26	27	28	29	30	31	32	33	34	35	36	37	38	39	40	41	42	43	44	45	46	47	48	49	50	51	52	53	54	55	56	57	58	59	60	61	62	63	64	65	66	67	68	69	70	71	72	73	74	75	76	78	79	80	81	82	84	85	86	92	95	101	109	111	113	114
S1_vGluT2_1.filtered - Adapter 1	68891	13427	2762	1777	1058	220	128	226	258	43	417	211	198	290	74	59	262	263	175	71	309	108	171	99	93	1314	205	100	534	1513	58	384	750	139	113	657	92	76	76	73	107	375	93	59	222	87	615	491	18	54	32	114	47	421	17	347	89	17	50	208	515	67	215	45	62	31	6	1	8	9	6	16	8	1	3	1	5	8	4	16	3	2	1	1	1	1	1	1	1
	3	4	5	6	9	10	11	12	20	28	34
S1_vGluT2_2.filtered - Adapter 1	6679	1877	289	23	31	8	9	1	2	2	1
	3	4	5	6	7	9	10	11	12	43	44	45	55
S1_vGluT2_3.filtered - Adapter 1	11728	3017	671	22	2	42	11	16	2	1	1	2	1

