Sample	A>G	A>T	A>C	T>A	T>G	T>C	G>A	G>T	G>C	C>A	C>T	C>G
RT_Gad2_1	1.2133110024373281	0.3404077745704869	0.40199870947981814	0.5907538766559498	0.31796941442342713	0.5903213255672297	1.0327692520289373	0.6173112865524845	0.496970266084107	0.5130903116426182	0.44034103856566004	0.23740360863739532
RT_Gad2_2	1.3168850104651797	0.34336610402368034	0.4023404976251815	0.6172621527458201	0.32116264948823725	0.6062238497718897	1.0676251702393205	0.6042306777167561	0.49722475534103366	0.506241035706506	0.47984146202162725	0.2343605608181302
RT_Gad2_3	1.2817695998497005	0.35484400071913424	0.4089104138815187	0.6149337727240156	0.33544709177852083	0.628898205519046	1.0973167088688274	0.6436597476550177	0.5075699227414006	0.5266596198217118	0.46842657915146496	0.22609948590901147
RT_vGluT2_1	1.152132781194316	0.3330417318705169	0.38599718867513355	0.6177548939583404	0.31587521697679355	0.6100148986221964	1.017476729315631	0.5864024180945774	0.47591971161296587	0.4860520541695393	0.43942695753306843	0.21455404039485296
RT_vGluT2_3	1.1000822632166107	0.33653037986877943	0.39404910417011146	0.606690743654881	0.30889446600104875	0.5928371694576478	1.0337879103486347	0.5878938880419879	0.48477445127042257	0.4943292186807148	0.4456610749692542	0.21778154029146035
S1_Gad2_1	0.9478101595695319	0.34252149982276814	0.3945627596041163	0.5953837134399225	0.32202905264072146	0.6223989056404392	1.0028905610379828	0.5936013879750673	0.49461513902555443	0.5238791423001949	0.4577009428023149	0.22377807358864085
S1_Gad2_2	0.9498276542791281	0.32095173854070286	0.3928628125932738	0.6366817032580718	0.3297770520802477	0.5974582925667169	1.023211803598933	0.5901095082459897	0.4725478042000075	0.5100776545689489	0.4698537406269413	0.2333873757504728
S1_Gad2_3	0.9121004117133733	0.32574905368070717	0.38957939783034995	0.5978034971216087	0.3247330378417292	0.5890821082149048	1.0298842552967358	0.6036051161177901	0.4680045121560469	0.49407237867396353	0.4658794497041918	0.2178570879546871
S1_vGluT2_1	1.0495692180709326	0.33390752396616735	0.3800774532059337	0.6213853098544755	0.31644073570693293	0.5974711868397526	1.0458520622206555	0.6000880992142982	0.48267265054546926	0.4922427029703074	0.4468352412142754	0.22764785859247685
S1_vGluT2_2	1.0659837208874778	0.34237879457618703	0.3893792765709258	0.6157932494295928	0.3113834099912387	0.5851249502025418	1.0110767949016397	0.5822550744688972	0.5060567533766176	0.52553320495202	0.4808616471450971	0.2298312116814147
S1_vGluT2_3	0.9861704099327521	0.3336874452806336	0.37870167586965126	0.6229053175374553	0.31109347326941517	0.597238115910908	1.0469673027835178	0.5961346784976298	0.4736842105263158	0.5056663723540028	0.4482549171042093	0.23300037079298486
