Sample	A>C	A>G	A>T	C>A	C>G	C>T	G>A	G>C	G>T	T>A	T>C	T>G
RT_Gad2_1	0.31492698766205196	0.6285243383159921	0.6108155432005465	0.621079460750525	0.4979818219707292	1.1408492698331276	0.48607930035381375	0.23222711522410544	0.5166269949443144	0.33972302904098667	1.2048464053418537	0.411297776288588
RT_Gad2_2	0.32034112631950773	0.6422313794021759	0.6182306723979337	0.6141083145977909	0.5003470068582474	1.163315957706935	0.5065267718695806	0.22681085862128525	0.5331971150530047	0.3475610841309679	1.2873006172132968	0.4076765587448238
RT_Gad2_3	0.33529764437003634	0.6506248717647756	0.6171522886325349	0.6365624978229737	0.518464003014829	1.1959877695075658	0.5193306955600536	0.22961259231443235	0.5357786163291599	0.36449837902958354	1.2448163270831136	0.42197925660643343
RT_vGluT2_1	0.3147782237471389	0.613533020997733	0.6137617310533502	0.6235187609133572	0.4883736474552696	1.1368088955592077	0.5064149527372058	0.21985259872324636	0.5058860733082357	0.3293968688173383	1.1287933668039671	0.39709511062039843
RT_vGluT2_3	0.3055823103815833	0.5994064227512559	0.6116259966148785	0.6270957521680008	0.5019366655517218	1.1776571525603643	0.5171711785395899	0.22584207822450542	0.5043550553415849	0.33924225369387884	1.095750285537783	0.39754369649004595
S1_Gad2_1	0.341263027946675	0.6870588865948825	0.6616651806865149	0.5547016396565791	0.44325396661047906	1.0805027272388417	0.4636448474610648	0.2155121126484174	0.4862889044852806	0.31540181832056524	0.9065005867487985	0.3650826175285228
S1_Gad2_2	0.3271605651375299	0.6519395833536978	0.656293904217382	0.5560700832843765	0.4596998076280656	1.0625035997742223	0.4560664181512619	0.20649478864429388	0.5078271390606063	0.32483679464264165	0.9256680900163554	0.3573150063944897
S1_Gad2_3	0.34446450651886296	0.6879018697940774	0.6479962620727576	0.5551963782375342	0.46462949659218933	1.0821244794008837	0.40720046894422035	0.19503660736497622	0.46301390861496605	0.31761994140105754	0.8569877037340616	0.3519057660935766
S1_vGluT2_1	0.3252536222031656	0.6582888814825327	0.6343483968221142	0.5918440458876152	0.48199408818622075	1.0835946453982197	0.4506459847722229	0.21230179696668022	0.49494446699999445	0.3318414616087705	0.9908266484203861	0.3712105351845138
S1_vGluT2_2	0.31826986085298137	0.6109450194782827	0.6257024822331125	0.5737914486881958	0.4736003189667195	1.0699643844335658	0.4387790067389883	0.20900281809808105	0.4926828975044569	0.33784778841553537	0.9910486665328786	0.379495029114153
S1_vGluT2_3	0.3392297251821805	0.676684336046999	0.6682928865467421	0.5973505657156539	0.45996466345598963	1.0860021842689804	0.4512135125462517	0.2124842376960367	0.4655092690727575	0.3286322472822566	0.925126438345696	0.3530741257703628
