Sample	A>T	A>G	A>C	C>A	C>G	C>T	G>A	G>C	G>T	T>A	T>G	T>C
RT_Gad2_1	0.0	0.0	0.0	0.0	0.0	0.0	0.0	0.0	0.0	0.0	0.0	0.6696428571428571
RT_Gad2_2	0.12531328320802004	0.12115338017930699	0.0	0.0	0.0	0.15037593984962408	0.0	0.0	0.0	0.0	0.0	0.9633911368015413
RT_Gad2_3	0.0	0.05308515179563907	0.0	0.0	0.0	0.039023717469198894	0.0	0.0	0.0	0.0	0.0	0.8249852681202121
RT_vGluT2_1	0.16452780519907864	0.16731739727663641	0.0	0.0	0.0	0.2652813119622607	0.0	0.0	0.0	0.0	0.0	0.826641473783656
RT_vGluT2_3	0.23915274400606584	0.2288329519450801	0.0	0.0	0.0	0.4046355680315855	0.0	0.0	0.0	0.0	0.09483169509968795	0.8164437029317166
S1_Gad2_1	0.0	0.0	0.0	0.0	0.0	0.0	0.0	0.0	0.0	0.0	0.0	0.1652892561983471
S1_Gad2_2	0.0	0.0	0.0	0.0	0.0	0.0	0.0	0.0	0.0	0.0	0.0	0.15003750937734434
S1_Gad2_3	0.0	0.0	0.0	0.0	0.0	0.0	0.0	0.0	0.0	0.0	0.0	0.0
S1_vGluT2_1	0.0	0.0	0.0	0.0	0.0	0.0	0.0	0.0	0.0	0.0	0.0	0.3869719445340213
S1_vGluT2_2	0.0	0.0	0.0	0.0	0.0	0.0	0.0	0.0	0.0	0.0	0.0	0.0
S1_vGluT2_3	0.0	0.0	0.0	0.0	0.0	0.0	0.0	0.0	0.0	0.0	0.0	0.2012072434607646
