Sample	A>C	A>G	A>T	C>A	C>G	C>T	G>A	G>C	G>T	T>A	T>C	T>G
RT_Gad2_1	0.40199870947981814	1.2133110024373281	0.3404077745704869	0.5130903116426182	0.23740360863739532	0.44034103856566004	1.0327692520289373	0.496970266084107	0.6173112865524845	0.5907538766559498	0.5903213255672297	0.31796941442342713
RT_Gad2_2	0.4023404976251815	1.3168850104651797	0.34336610402368034	0.506241035706506	0.2343605608181302	0.47984146202162725	1.0676251702393205	0.49722475534103366	0.6042306777167561	0.6172621527458201	0.6062238497718897	0.32116264948823725
RT_Gad2_3	0.4089104138815187	1.2817695998497005	0.35484400071913424	0.5266596198217118	0.22609948590901147	0.46842657915146496	1.0973167088688274	0.5075699227414006	0.6436597476550177	0.6149337727240156	0.628898205519046	0.33544709177852083
RT_vGluT2_1	0.38599718867513355	1.152132781194316	0.3330417318705169	0.4860520541695393	0.21455404039485296	0.43942695753306843	1.017476729315631	0.47591971161296587	0.5864024180945774	0.6177548939583404	0.6100148986221964	0.31587521697679355
RT_vGluT2_3	0.39404910417011146	1.1000822632166107	0.33653037986877943	0.4943292186807148	0.21778154029146035	0.4456610749692542	1.0337879103486347	0.48477445127042257	0.5878938880419879	0.606690743654881	0.5928371694576478	0.30889446600104875
S1_Gad2_1	0.3945627596041163	0.9478101595695319	0.34252149982276814	0.5238791423001949	0.22377807358864085	0.4577009428023149	1.0028905610379828	0.49461513902555443	0.5936013879750673	0.5953837134399225	0.6223989056404392	0.32202905264072146
S1_Gad2_2	0.3928628125932738	0.9498276542791281	0.32095173854070286	0.5100776545689489	0.2333873757504728	0.4698537406269413	1.023211803598933	0.4725478042000075	0.5901095082459897	0.6366817032580718	0.5974582925667169	0.3297770520802477
S1_Gad2_3	0.38957939783034995	0.9121004117133733	0.32574905368070717	0.49407237867396353	0.2178570879546871	0.4658794497041918	1.0298842552967358	0.4680045121560469	0.6036051161177901	0.5978034971216087	0.5890821082149048	0.3247330378417292
S1_vGluT2_1	0.3800774532059337	1.0495692180709326	0.33390752396616735	0.4922427029703074	0.22764785859247685	0.4468352412142754	1.0458520622206555	0.48267265054546926	0.6000880992142982	0.6213853098544755	0.5974711868397526	0.31644073570693293
S1_vGluT2_2	0.3893792765709258	1.0659837208874778	0.34237879457618703	0.52553320495202	0.2298312116814147	0.4808616471450971	1.0110767949016397	0.5060567533766176	0.5822550744688972	0.6157932494295928	0.5851249502025418	0.3113834099912387
S1_vGluT2_3	0.37870167586965126	0.9861704099327521	0.3336874452806336	0.5056663723540028	0.23300037079298486	0.4482549171042093	1.0469673027835178	0.4736842105263158	0.5961346784976298	0.6229053175374553	0.597238115910908	0.31109347326941517
