Sample	T>C	A>T	A>G	A>C	T>A	T>G	G>A	G>T	G>C	C>A	C>T	C>G
RT_Gad2_1	0.5530929897518367	0.03370340835751666	0.11353366502717471	0.03402017787085498	0.16857696766437272	0.030228307465439586	0.6244340346724897	0.04214300967163678	0.048223894675320775	0.1880516015159988	0.19692084387769376	0.02861001884452339
RT_Gad2_2	0.6404667104448721	0.03469581656573123	0.11245396615542362	0.030633427672341205	0.17749884593729903	0.02832069437777148	0.6703640324364187	0.04181535921068456	0.05193195480176347	0.20786344813142527	0.19274839886767145	0.03045650566958733
RT_Gad2_3	0.5502905412708439	0.03637335088175361	0.11555157353318518	0.03320926144681541	0.19918899529740847	0.029182066054333926	0.7280693846159458	0.042982317607073585	0.05054020665381378	0.2317278342718001	0.19509318373803272	0.029392223691474408
RT_vGluT2_1	0.4892640828406959	0.027417230863445642	0.09805565731312822	0.03342454920009396	0.1471037153595229	0.029399515984551115	0.5750559133319556	0.03930860127267241	0.048259693313294265	0.1946383006702335	0.18448656205481775	0.02197338168039273
RT_vGluT2_3	0.4619120733660294	0.028773055465323716	0.10188524641068783	0.03320316996325807	0.1690483409038358	0.03258077169824543	0.6911345433546406	0.03848050931768604	0.04982998807350881	0.20752668444973563	0.21039855646672845	0.030303287420823364
S1_Gad2_1	0.23902939020998	0.023225784241189647	0.1184957194339509	0.021071181716387236	0.13857903466625376	0.02403115546443319	0.6374283716803201	0.03761145571775104	0.04132404508416525	0.13896990018081964	0.1299612740265519	0.019149168060824392
S1_Gad2_2	0.23071523498226335	0.02164023443255891	0.11224484111806343	0.020068528816398486	0.13275344899936278	0.023672242859661654	0.5239746225354401	0.037523146886460385	0.04232668722341291	0.12507910775165337	0.12574391698040174	0.016462616372683245
S1_Gad2_3	0.23442473371904005	0.02388113558764851	0.12983046116975705	0.02572483822304074	0.14470041930915423	0.026255229107250443	0.6242665003895225	0.03651902677138304	0.04500773599542195	0.12986445591348095	0.1270866995115468	0.018039281298351643
S1_vGluT2_1	0.31245908566300357	0.024614991142808726	0.12122401515545092	0.02621032562426244	0.15117752600907153	0.02470080320134242	0.6412783414577823	0.039232065246467066	0.04503011588159758	0.16035113910317222	0.13557052205336087	0.017414027621589084
S1_vGluT2_2	0.279291235081248	0.02112630751562748	0.11231757308586056	0.01906813996959569	0.1559358704639849	0.019345776905346723	0.5646907948394864	0.03412570441787397	0.045375803567698283	0.1613170599974852	0.12319718448777248	0.015041017609557141
S1_vGluT2_3	0.2772672876889744	0.025819004034896596	0.13223161067310293	0.024550949266470574	0.1505632270385772	0.024517203895327317	0.6174214677930828	0.038978560145695555	0.04568104484580438	0.13427745121872742	0.13582884390141609	0.018755454627301115
