Sample	T>C	A>T	A>G	A>C	T>A	T>G	G>A	G>T	G>C	C>A	C>T	C>G
RT_Gad2_1	0.08877052818464269	0.0	0.03198976327575176	0.0	0.0	0.0	0.0	0.0	0.0	0.0	0.0	0.0
RT_Gad2_2	0.3152916447714136	0.0	0.04409171075837742	0.0	0.0	0.0	0.0	0.0	0.0	0.0	0.0	0.0
RT_Gad2_3	0.1446340757882557	0.0	0.03650967506389193	0.0	0.0	0.0	0.0	0.0	0.0	0.0	0.0	0.0
RT_vGluT2_1	0.2196293754289636	0.0	0.028153153153153154	0.0	0.0	0.0	0.0	0.0	0.0	0.0	0.0	0.0
RT_vGluT2_3	0.19766101136550815	0.0	0.03365870077415012	0.0	0.0	0.0	0.0	0.0	0.0	0.0	0.0	0.0
S1_Gad2_1	0.0	0.0	0.0	0.0	0.0	0.0	0.0	0.0	0.0	0.0	0.0	0.0
S1_Gad2_2	0.0	0.0	0.0	0.0	0.0	0.0	0.0	0.0	0.0	0.0	0.0	0.0
S1_Gad2_3	0.0	0.0	0.0	0.0	0.0	0.0	0.0	0.0	0.0	0.0	0.0	0.0
S1_vGluT2_1	0.0	0.0	0.011614401858304297	0.0	0.0	0.0	0.0	0.0	0.0	0.0	0.0	0.0
S1_vGluT2_2	0.0	0.0	0.0	0.0	0.0	0.0	0.0	0.0	0.0	0.0	0.0	0.0
S1_vGluT2_3	0.0	0.0	0.0	0.0	0.0	0.0	0.0	0.0	0.0	0.0	0.0	0.0
