gene_name	log2FC_deseq2	padj	avg.RPM.ctrl
ENSMUSG00000034708	-21.401930871950807	7.832763014277134e-6	63.09268156414621
ENSMUSG00000041272	-21.306465732315232	7.832763014277134e-6	48.33663390490713
ENSMUSG00000054728	10.85555893780115	0.04691987323433375	730.5445508395044
ENSMUSG00000090841	10.157699728102928	0.09016536519670866	2388.5764005234632
ENSMUSG00000014195	-8.851217810254571	0.09947906563152106	135.44708521012691
ENSMUSG00000054000	-8.12497538132661	0.09947906563152106	40.50756413082294
ENSMUSG00000037742	-7.814367456396186	0.09947906563152106	142.3988700037276
ENSMUSG00000031422	5.7398764218236975	0.09947906563152106	353.78027060365713
ENSMUSG00000070880	6.020744500067969	0.09947906563152106	416.16172421545696
ENSMUSG00000025468	6.104957438001697	0.09947906563152106	1715.9374958693581
ENSMUSG00000029328	6.378626006443714	0.09947906563152106	328.21189148253933
ENSMUSG00000029836	6.529455700935751	0.09947906563152106	163.629496786189
ENSMUSG00000056367	6.540768103644311	0.09947906563152106	62.88647796711784
ENSMUSG00000071076	6.565535777996044	0.09947906563152106	880.6101508202304
ENSMUSG00000022389	6.597583820076865	0.09947906563152106	96.35843813125494
ENSMUSG00000030704	6.604711823801167	0.09947906563152106	638.0428051297246
ENSMUSG00000035242	6.6377337790936455	0.09947906563152106	619.3013957313461
ENSMUSG00000021559	6.775879636741831	0.09947906563152106	106.10829905867251
ENSMUSG00000050556	6.857110799831299	0.09947906563152106	92.76408547082885
ENSMUSG00000030126	6.879273430387221	0.09947906563152106	243.5205282294051
ENSMUSG00000020794	6.903354426399689	0.09947906563152106	55.79435974555077
ENSMUSG00000028843	6.920128255974988	0.09947906563152106	238.35632354566616
ENSMUSG00000002844	6.931918827046783	0.09947906563152106	102.42579892905648
ENSMUSG00000027660	6.937487166107492	0.09947906563152106	106.45488306731627
ENSMUSG00000015165	6.962172118503402	0.09947906563152106	401.6558001893408
ENSMUSG00000020864	6.9669199609709445	0.09947906563152106	273.5519360064699
ENSMUSG00000032788	6.971046067158552	0.09947906563152106	259.88490978789645
ENSMUSG00000030685	6.97236577964771	0.09947906563152106	229.30517660681025
ENSMUSG00000022100	6.993159083253319	0.09947906563152106	96.68501363195308
ENSMUSG00000028945	7.006531022168909	0.09947906563152106	69.71986949208252
ENSMUSG00000025417	7.012985504573559	0.09947906563152106	122.91109356662409
ENSMUSG00000073096	7.016339856290314	0.09947906563152106	119.1875208117861
ENSMUSG00000062444	7.0293947742423715	0.09947906563152106	222.02538658004033
ENSMUSG00000068205	7.03974285868693	0.09947906563152106	58.13353205239391
ENSMUSG00000021811	7.04319124233861	0.09947906563152106	234.59007306263968
ENSMUSG00000024601	7.045676987254153	0.09947906563152106	98.17828102548484
ENSMUSG00000025189	7.0550605189374345	0.09947906563152106	111.09864193902153
ENSMUSG00000030987	7.058485893439082	0.09947906563152106	306.3120434311999
ENSMUSG00000018965	7.064060696120788	0.09947906563152106	584.4277138207765
ENSMUSG00000041203	7.07550886392302	0.09947906563152106	348.63309446588823
ENSMUSG00000005732	7.077206553189607	0.09947906563152106	91.35954135875527
ENSMUSG00000053907	7.0778729814863	0.09947906563152106	222.96410875198987
ENSMUSG00000037428	7.0893578028402	0.09947906563152106	107.81255140641703
ENSMUSG00000050321	7.107790716049809	0.09947906563152106	58.152861200208996
ENSMUSG00000026202	7.119331840194542	0.09947906563152106	400.0493460481561
ENSMUSG00000032216	7.142800531900459	0.09947906563152106	372.399782501598
ENSMUSG00000021134	7.145790630773897	0.09947906563152106	120.16986424687907
ENSMUSG00000025151	7.1722619065324444	0.09947906563152106	315.1175085691035
ENSMUSG00000048076	7.185797884648968	0.09947906563152106	1012.7262328577663
ENSMUSG00000023150	7.188258807688846	0.09947906563152106	105.91610330182307
ENSMUSG00000020889	7.190630483270568	0.09947906563152106	88.25566389547099
ENSMUSG00000045349	7.194553713586831	0.09947906563152106	7.593982339601415
ENSMUSG00000057147	7.207403895430762	0.09947906563152106	133.2907201957336
ENSMUSG00000035726	7.211264490315447	0.09947906563152106	96.68252123018357
ENSMUSG00000002580	7.228974060504975	0.09947906563152106	206.64079876952516
ENSMUSG00000058886	7.230021317245892	0.09947906563152106	37.98759383288651
ENSMUSG00000020785	7.230937543034291	0.09947906563152106	38.24273116068638
ENSMUSG00000059146	7.235473090458005	0.09947906563152106	1849.9249658942854
ENSMUSG00000050711	7.253251129940321	0.09947906563152106	174.25405403834264
ENSMUSG00000022992	7.256519825631198	0.09947906563152106	105.42845181505417
ENSMUSG00000006333	7.258468367732988	0.09947906563152106	1588.6470374825485
ENSMUSG00000038605	7.259563832387935	0.09947906563152106	137.501452300383
ENSMUSG00000025968	7.2639817457932905	0.09947906563152106	126.80237421329664
ENSMUSG00000039740	7.267762640749263	0.09947906563152106	201.4111398508335
ENSMUSG00000031921	7.268636277454324	0.09947906563152106	116.6287714256495
ENSMUSG00000001576	7.280767556345658	0.09947906563152106	178.65753255477537
ENSMUSG00000033022	7.283657474790223	0.09947906563152106	19.26375347834119
ENSMUSG00000053536	7.291064606737604	0.09947906563152106	132.50183198081476
ENSMUSG00000031913	7.297012757110324	0.09947906563152106	78.74832850429766
ENSMUSG00000020719	7.301896951893129	0.09947906563152106	84.95253524604325
ENSMUSG00000003316	7.302209188312812	0.09947906563152106	260.68220302168123
ENSMUSG00000034192	7.31628850676953	0.09947906563152106	91.9471777199348
ENSMUSG00000042688	7.317203912689481	0.09947906563152106	107.47178551326297
ENSMUSG00000061911	7.331600890961138	0.09947906563152106	118.22227330831684
ENSMUSG00000055707	7.3677595057352825	0.09947906563152106	57.01452741331363
ENSMUSG00000068099	7.369055122026683	0.09947906563152106	282.57322491969614
ENSMUSG00000033352	7.369076120073463	0.09947906563152106	37.61150286280979
ENSMUSG00000044475	7.3831762983065845	0.09947906563152106	228.61238667552774
ENSMUSG00000015806	7.3876535911492685	0.09947906563152106	633.8198308027221
ENSMUSG00000031633	7.391294149947311	0.09947906563152106	345.5094325167404
ENSMUSG00000029064	7.395923608618411	0.09947906563152106	2063.9990589925496
ENSMUSG00000059355	7.402639473082065	0.09947906563152106	118.22011159640846
ENSMUSG00000056296	7.433875580941987	0.09947906563152106	126.48357915065125
ENSMUSG00000047084	7.463768838738472	0.09947906563152106	42.01655291531958
ENSMUSG00000040811	7.466598824537925	0.09947906563152106	236.014491777113
ENSMUSG00000035382	7.4818008921891765	0.09947906563152106	272.54965214740537
ENSMUSG00000058254	7.481929807485952	0.09947906563152106	877.8389150092104
ENSMUSG00000057113	7.483959328779281	0.09947906563152106	83.8241967253443
ENSMUSG00000019775	7.524375092826862	0.09947906563152106	196.97539303618868
ENSMUSG00000010376	7.529211781727988	0.09947906563152106	747.0551943430344
ENSMUSG00000037894	7.53579770338577	0.09947906563152106	124.42976449536948
ENSMUSG00000030519	7.536779594883682	0.09947906563152106	270.77711906247976
ENSMUSG00000031840	7.570774619218676	0.09947906563152106	729.4816725873441
ENSMUSG00000039568	7.580687136464439	0.09947906563152106	191.6116641694318
ENSMUSG00000031865	7.593500417015296	0.09947906563152106	401.8339285388396
ENSMUSG00000030774	7.596245191986155	0.09947906563152106	1558.993452140279
ENSMUSG00000052707	7.603823852965626	0.09947906563152106	105.94588419236747
ENSMUSG00000034544	7.620915167163196	0.09947906563152106	386.35935570171716
ENSMUSG00000032637	7.64340178485116	0.09947906563152106	125.676335971237
ENSMUSG00000001017	7.649382078490949	0.09947906563152106	264.93530212649864
ENSMUSG00000022536	7.664377343539888	0.09947906563152106	387.28643506993694
ENSMUSG00000002997	7.669969940052235	0.09947906563152106	67.53020076590364
ENSMUSG00000025212	7.671458664513573	0.09947906563152106	158.44453675457552
ENSMUSG00000042524	7.67870360253632	0.09947906563152106	49.109201216093126
ENSMUSG00000028020	7.701010841319063	0.09947906563152106	118.39729537971508
ENSMUSG00000021282	7.707444881510935	0.09947906563152106	249.70307081650876
ENSMUSG00000030697	7.713034479984902	0.09947906563152106	75.73112885405094
ENSMUSG00000022561	7.724823535161985	0.09947906563152106	142.50500275125205
ENSMUSG00000021024	7.729055682629049	0.09947906563152106	426.1637985434589
ENSMUSG00000033981	7.778570718848499	0.09947906563152106	149.42821496001648
ENSMUSG00000028677	7.788287640040096	0.09947906563152106	337.6949618922954
ENSMUSG00000014959	7.797004599218463	0.09947906563152106	82.57231578966272
ENSMUSG00000037750	7.815111123298639	0.09947906563152106	94.85575846557659
ENSMUSG00000037605	7.832418283882269	0.09947906563152106	72.4524211192929
ENSMUSG00000008489	7.843245562769062	0.09947906563152106	150.8998985708665
ENSMUSG00000024524	7.861244563383506	0.09947906563152106	106.71409991944385
ENSMUSG00000036699	7.882400439258334	0.09947906563152106	272.39478205064074
ENSMUSG00000016179	7.882679423681901	0.09947906563152106	112.02481626194663
ENSMUSG00000029810	7.891818148873466	0.09947906563152106	682.6308311704428
ENSMUSG00000004096	7.903036950785395	0.09947906563152106	380.7973927636317
ENSMUSG00000021156	7.904565428509933	0.09947906563152106	528.3708968429153
ENSMUSG00000021373	7.924169747928778	0.09947906563152106	229.22711691913565
ENSMUSG00000036955	7.9584745005910005	0.09947906563152106	164.39288241520524
ENSMUSG00000025375	7.969000418148879	0.09947906563152106	325.97559835533934
ENSMUSG00000028879	7.984145096178422	0.09947906563152106	355.27572028482473
ENSMUSG00000024083	8.021520859028803	0.09947906563152106	718.668750738531
ENSMUSG00000025068	8.05063329182978	0.09947906563152106	353.731088307356
ENSMUSG00000028152	8.065595305230104	0.09947906563152106	154.4690331668808
ENSMUSG00000038965	8.083464846907134	0.09947906563152106	190.86449580699698
ENSMUSG00000017670	8.11110633090155	0.09947906563152106	183.67739549982215
ENSMUSG00000027944	8.115140066606543	0.09947906563152106	256.6888665613484
ENSMUSG00000029152	8.1199489231779	0.09947906563152106	388.16359966063425
ENSMUSG00000022199	8.140184844384603	0.09947906563152106	2911.0376117634614
ENSMUSG00000000632	8.14215611612675	0.09947906563152106	32.187957929343106
ENSMUSG00000035735	8.197860506990658	0.09947906563152106	284.3239629847726
ENSMUSG00000091896	8.228696281213717	0.09947906563152106	357.23658521965456
ENSMUSG00000017781	8.260682022903298	0.09947906563152106	560.2590473689402
ENSMUSG00000063253	8.264503409362192	0.09947906563152106	265.4463319325822
ENSMUSG00000002871	8.27175346015304	0.09947906563152106	256.0594754083943
ENSMUSG00000024067	8.3156918369759385	0.09947906563152106	102.09658434583939
ENSMUSG00000023942	8.320307550205875	0.09947906563152106	181.44321397125375
ENSMUSG00000004319	8.330457311316108	0.09947906563152106	300.3909669390604
ENSMUSG00000057455	8.357916403519129	0.09947906563152106	344.01620533757097
ENSMUSG00000061576	8.372579752340528	0.09947906563152106	667.8139579190998
ENSMUSG00000024787	8.386134855050667	0.09947906563152106	172.8389686760348
ENSMUSG00000037058	8.389859359280122	0.09947906563152106	247.57628876500462
ENSMUSG00000020594	8.40551554496236	0.09947906563152106	396.3918027494659
ENSMUSG00000022553	8.414565013528557	0.09947906563152106	192.57211577843083
ENSMUSG00000032532	8.440138540234864	0.09947906563152106	2692.7966315225676
ENSMUSG00000022205	8.440711079717374	0.09947906563152106	252.03319875247033
ENSMUSG00000020358	8.452154505010665	0.09947906563152106	178.10034065639772
ENSMUSG00000020265	8.45268429140682	0.09947906563152106	1462.9350643893056
ENSMUSG00000009035	8.492368494237535	0.09947906563152106	212.61481231877124
ENSMUSG00000026659	8.493420443758668	0.09947906563152106	42.69813282376113
ENSMUSG00000019082	8.526260679597865	0.09947906563152106	352.80843701677503
ENSMUSG00000038187	8.529963506881948	0.09947906563152106	129.90698760092474
ENSMUSG00000028034	8.530388689394242	0.09947906563152106	179.51512088896263
ENSMUSG00000033793	8.568342188216093	0.09947906563152106	261.6416765965988
ENSMUSG00000001472	8.590895365021638	0.09947906563152106	1518.8891157235896
ENSMUSG00000030374	8.678788774806145	0.09947906563152106	437.4446320721883
ENSMUSG00000036095	8.69605896966425	0.09947906563152106	79.52301074513494
ENSMUSG00000023960	8.733697345276724	0.09947906563152106	522.5379934970422
ENSMUSG00000024949	8.76507462997532	0.09947906563152106	305.40138019916475
ENSMUSG00000022516	8.892465204821393	0.09947906563152106	172.40264850185
ENSMUSG00000028525	8.997646559305636	0.09947906563152106	423.85805585688695
ENSMUSG00000090223	9.175660100063189	0.09947906563152106	1319.8155140263007
ENSMUSG00000026393	9.207959270433363	0.09947906563152106	245.38290613879414
ENSMUSG00000004455	9.218105277065233	0.09947906563152106	492.5105581785978
ENSMUSG00000023169	9.30008587854575	0.09947906563152106	718.3128477364294
ENSMUSG00000024921	9.449730681935533	0.09947906563152106	1051.6970370599242
ENSMUSG00000061288	9.560194380169934	0.09947906563152106	519.996922516837
ENSMUSG00000062825	9.830704538484065	0.09947906563152106	714.4589222597219
ENSMUSG00000001441	7.039802495277362	0.09991974163477058	195.13755788809016
ENSMUSG00000020089	6.840209101566772	0.10042215734778649	58.100180298053
ENSMUSG00000033768	6.946452414240069	0.10091125792468295	362.07780689627015
ENSMUSG00000058589	5.63298744998208	0.10112665662814516	1292.4283866879146
ENSMUSG00000032875	6.19517150096375	0.10112665662814516	95.35562398673653
ENSMUSG00000008958	6.751283588261101	0.10112665662814516	181.3417809535107
ENSMUSG00000039615	6.759699057234305	0.10112665662814516	301.3245549324021
ENSMUSG00000030779	6.760821948233038	0.10112665662814516	77.70922309174166
ENSMUSG00000030842	6.764343458386719	0.10112665662814516	115.59342004305383
ENSMUSG00000070304	6.813839907050664	0.10112665662814516	361.91395366373337
ENSMUSG00000024104	6.87072774991629	0.10112665662814516	186.52852376322423
ENSMUSG00000024970	6.97990076096433	0.10112665662814516	53.683475392599505
ENSMUSG00000019054	7.039798685549028	0.10112665662814516	911.3170717029035
ENSMUSG00000022587	7.074270601879768	0.10112665662814516	197.9758797584456
ENSMUSG00000071657	7.081193581336537	0.10112665662814516	367.7001340499694
ENSMUSG00000003153	7.1166670649808905	0.10112665662814516	119.71691264233286
ENSMUSG00000026883	7.803965433986681	0.10112665662814516	62.15966876918594
ENSMUSG00000002679	7.819468478231027	0.10112665662814516	56.28612370965007
ENSMUSG00000033565	7.834935983782663	0.10112665662814516	405.5005755644802
ENSMUSG00000027108	7.858194476095805	0.10112665662814516	157.32910703630102
ENSMUSG00000006418	7.913677825534731	0.10112665662814516	70.08106315831122
ENSMUSG00000026817	6.058434850647813	0.10153050435135674	397.5248911132231
ENSMUSG00000015478	6.14346816391236	0.10153050435135674	421.60082305435054
ENSMUSG00000031176	6.243464030654371	0.10153050435135674	262.64124922244986
ENSMUSG00000028528	6.526299114362202	0.10153050435135674	926.0527487477459
ENSMUSG00000032324	6.711569004748501	0.10153050435135674	124.05577461597862
ENSMUSG00000024044	6.729940540484429	0.10153050435135674	187.55250534382017
ENSMUSG00000026374	6.740994559657012	0.10153050435135674	94.30241550640532
ENSMUSG00000062397	6.780207811740549	0.10153050435135674	139.77150209805643
ENSMUSG00000036948	6.894371241085716	0.10153050435135674	54.913848631489216
ENSMUSG00000049907	6.916291948150065	0.10153050435135674	51.902096801540026
ENSMUSG00000058672	6.925233055441837	0.10153050435135674	404.65155856854324
ENSMUSG00000029467	6.944824938389485	0.10153050435135674	253.9756818179546
ENSMUSG00000005469	7.041818612752542	0.10153050435135674	104.9479842565285
ENSMUSG00000020180	7.052212877076245	0.10153050435135674	95.89748726206761
ENSMUSG00000028779	7.715745445487725	0.10153050435135674	152.7049079868213
ENSMUSG00000025353	7.719826338453315	0.10153050435135674	85.93612367365057
ENSMUSG00000039530	7.857756153960997	0.10153050435135674	163.4469005246592
ENSMUSG00000020956	6.783102072040113	0.10182529108833778	19.43663599220693
ENSMUSG00000041852	6.942597906155196	0.10182529108833778	27.688163324211832
ENSMUSG00000038807	7.692450454084844	0.10182529108833778	473.5917109306418
ENSMUSG00000027620	7.702395303209041	0.10182529108833778	136.7521196355762
ENSMUSG00000006412	5.99745008214109	0.10266625176364835	242.76023889514138
ENSMUSG00000024335	6.595076472262914	0.10266625176364835	30.091079753488664
ENSMUSG00000037905	6.648920167846126	0.10266625176364835	40.317036280986784
ENSMUSG00000006998	6.894269848603208	0.10266625176364835	369.986658519762
ENSMUSG00000032297	7.608195185518326	0.10283327583517334	52.8393709422599
ENSMUSG00000049807	7.706654973072767	0.10283327583517334	365.89398805679497
ENSMUSG00000049775	5.520430978961951	0.10287965513112622	1385.3065984590644
ENSMUSG00000031781	5.944126986490792	0.10287965513112622	110.45903576104567
ENSMUSG00000051675	6.036704182047403	0.10287965513112622	134.9716032752745
ENSMUSG00000041571	6.041038927175261	0.10287965513112622	944.0000693137476
ENSMUSG00000004394	6.514941700269428	0.10287965513112622	87.31957529705204
ENSMUSG00000021276	6.531745434042208	0.10287965513112622	108.56180329162423
ENSMUSG00000026275	6.631389395118407	0.10287965513112622	63.918470978527196
ENSMUSG00000029563	6.682514060875498	0.10287965513112622	128.61077527179066
ENSMUSG00000024576	6.705201750383353	0.10287965513112622	197.27344220970994
ENSMUSG00000032076	6.730624268935619	0.10287965513112622	580.8479214306481
ENSMUSG00000037072	6.755666460828137	0.10287965513112622	252.0390321637601
ENSMUSG00000027067	6.78196264651467	0.10287965513112622	39.21153269088378
ENSMUSG00000030232	6.831371401482514	0.10287965513112622	118.38357675959217
ENSMUSG00000094910	6.8911746227432245	0.10287965513112622	67.83290341154688
ENSMUSG00000003500	7.478870794290064	0.10287965513112622	58.902924683155014
ENSMUSG00000079658	7.507212682404509	0.10287965513112622	179.0658648012558
ENSMUSG00000068749	7.517704126006191	0.10287965513112622	102.82631434621452
ENSMUSG00000020289	7.520348308140688	0.10287965513112622	127.03103100069052
ENSMUSG00000026135	7.5427742882151305	0.10287965513112622	80.60169312647828
ENSMUSG00000030397	7.560679141012553	0.10287965513112622	174.29165590450785
ENSMUSG00000050875	7.583947173377572	0.10287965513112622	320.69079015157206
ENSMUSG00000039419	7.587106966032668	0.10287965513112622	158.38203441059477
ENSMUSG00000035585	7.591225479670574	0.10287965513112622	228.06484957638477
ENSMUSG00000029757	7.596593110772864	0.10287965513112622	18.75063494913596
ENSMUSG00000026921	7.72584945730974	0.10287965513112622	19.454383414349447
ENSMUSG00000030854	7.431093267367651	0.1031071815988524	47.406387647075256
ENSMUSG00000052889	6.1821086423047475	0.10318646618028211	553.0103968636868
ENSMUSG00000024414	6.495423152833362	0.10318646618028211	89.16578905123941
ENSMUSG00000089715	5.180315194051076	0.10328721598231794	771.73928617061
ENSMUSG00000020571	5.992617801244175	0.10328721598231794	105.20839870502653
ENSMUSG00000061080	6.012473246227014	0.10328721598231794	297.46478795805547
ENSMUSG00000053519	6.661975010879843	0.10328721598231794	154.1389466879081
ENSMUSG00000005813	6.597709860410596	0.10419088881435966	14.82380841266456
ENSMUSG00000029580	5.302620887279348	0.10441341114377857	956.6574641330508
ENSMUSG00000009216	6.02468018451224	0.10441341114377857	169.38499995963573
ENSMUSG00000072214	6.573409109972563	0.10441341114377857	2081.0038422108214
ENSMUSG00000042671	6.643884495087025	0.10441341114377857	312.157519169545
ENSMUSG00000063870	7.365628113068287	0.10441341114377857	80.88262631724606
ENSMUSG00000031166	7.496455062650703	0.10441341114377857	462.2113799804606
ENSMUSG00000027963	7.39329706032452	0.10445361987009963	205.92221682603656
ENSMUSG00000103707	7.3356080710707205	0.10476233972019398	163.22861866325968
ENSMUSG00000054676	7.448633316081493	0.10571553755209251	34.51327260916841
ENSMUSG00000003814	5.913223401802824	0.10572355145682986	205.82717963790572
ENSMUSG00000032178	7.299194082002471	0.10590051676371798	86.57204110407368
ENSMUSG00000032773	7.3244528046617985	0.10590051676371798	273.0004421570015
ENSMUSG00000041119	7.3324593871942065	0.10597372028646547	78.6324255667097
ENSMUSG00000036835	5.850975339198329	0.10668702779677404	581.8317734953796
ENSMUSG00000022139	5.787036946821367	0.10716413157341964	277.92237141614964
ENSMUSG00000038576	6.675209716154814	0.10716413157341964	103.28531226230011
ENSMUSG00000032294	5.858022616986318	0.10738643507141428	1250.0437868810866
ENSMUSG00000022186	5.877834468446237	0.10738643507141428	441.21929038050274
ENSMUSG00000026259	5.879637825567954	0.10738643507141428	59.12408027405961
ENSMUSG00000072872	6.503008092245079	0.10738643507141428	38.91581301034544
ENSMUSG00000109336	6.548781395654714	0.10738643507141428	341.29179770684357
ENSMUSG00000027404	6.680842477344283	0.10738643507141428	56.74706678802458
ENSMUSG00000039652	7.229116037564899	0.10738643507141428	139.65825434921072
ENSMUSG00000020083	7.270741592502996	0.10738643507141428	169.9187162355254
ENSMUSG00000037706	5.955343282042964	0.10866569369588945	1001.5500583633994
ENSMUSG00000032470	6.124147429772138	0.11022100495845719	156.69188201070872
ENSMUSG00000006315	7.284860695757995	0.11022100495845719	1090.3585043506987
ENSMUSG00000072694	5.763874037453655	0.1116814703612566	111.93454534144747
ENSMUSG00000019179	6.499744554669215	0.1116814703612566	196.29298103871446
ENSMUSG00000062683	6.503944357563427	0.1116814703612566	251.76395940609052
ENSMUSG00000001054	7.1083560690035	0.1116814703612566	120.69207141833752
ENSMUSG00000032288	7.154571140741207	0.1116814703612566	71.4033652413653
ENSMUSG00000047379	7.157434231196349	0.1116814703612566	198.3567522919541
ENSMUSG00000024220	7.16918377375706	0.1116814703612566	52.73279543535416
ENSMUSG00000078578	7.174935808404144	0.1116814703612566	171.6158426712191
ENSMUSG00000048834	7.190302245552098	0.1116814703612566	168.0461855805637
ENSMUSG00000029212	7.199844924567537	0.1116814703612566	111.89261818699144
ENSMUSG00000020271	7.08596693387803	0.11271854433122885	103.7718546158637
ENSMUSG00000022108	5.749453015800796	0.11332265245310687	531.9148579690952
ENSMUSG00000042032	6.1431290387200574	0.11332265245310687	101.49075385822955
ENSMUSG00000020694	7.063857107869805	0.11332265245310687	115.68492235101846
ENSMUSG00000012535	7.085868507622383	0.11332265245310687	87.02902691238069
ENSMUSG00000031342	7.106591296093539	0.11332265245310687	707.4898433113057
ENSMUSG00000053453	7.07424369373174	0.11379974743605237	100.54884016878678
ENSMUSG00000071180	-7.9244734294217	0.11550928460494979	20.898990916932018
ENSMUSG00000042572	5.533232855234347	0.11550928460494979	252.04550480525177
ENSMUSG00000027247	5.644172878832475	0.11550928460494979	152.6455455999334
ENSMUSG00000022400	7.003485731014603	0.11659324611691212	292.55436176004144
ENSMUSG00000029632	5.463269844850629	0.11756644465838012	582.373238713154
ENSMUSG00000048251	5.5615845561334085	0.11756644465838012	79.90680615666366
ENSMUSG00000025393	5.884493721405258	0.11756644465838012	93.27632326427032
ENSMUSG00000022752	5.9885822294218904	0.11756644465838012	239.5911602319382
ENSMUSG00000019796	6.962537007594472	0.11756644465838012	153.10048436117128
ENSMUSG00000027254	6.966399335838505	0.11756644465838012	449.9659383798557
ENSMUSG00000038803	6.983244132433301	0.11756644465838012	359.5781156199375
ENSMUSG00000019795	7.021082674815935	0.11756644465838012	164.2859313006553
ENSMUSG00000034681	7.026577670067711	0.11756644465838012	50.272791941886275
ENSMUSG00000023904	6.980727171681469	0.11774115850780978	110.30861257013167
ENSMUSG00000021079	7.024204349397907	0.11825933119531315	81.60716246459447
ENSMUSG00000023033	5.8281673001673555	0.11862346533225458	519.6677972300218
ENSMUSG00000026975	6.921717230836418	0.11862346533225458	83.94396441768086
ENSMUSG00000071655	7.091044326450313	0.11863364378381226	191.75855568938545
ENSMUSG00000016921	5.700617868005664	0.1186689262474955	51.04536684249317
ENSMUSG00000041380	6.8937120118835935	0.1186689262474955	241.97000234609334
ENSMUSG00000026782	6.9000365821321035	0.1186689262474955	140.58872650330974
ENSMUSG00000037902	6.951702237343537	0.1186689262474955	135.73660524119256
ENSMUSG00000027193	4.531973073357985	0.11965296369031402	235.1726290922918
ENSMUSG00000043259	6.923525885641155	0.11975983553023993	21.560104585452283
ENSMUSG00000025809	5.581170139158057	0.11980313574012122	167.09291145372697
ENSMUSG00000005610	5.678928033551352	0.11980313574012122	318.4764780347652
ENSMUSG00000022837	6.907753923367653	0.11980313574012122	36.016363224565325
ENSMUSG00000026854	7.011603050437278	0.11980313574012122	49.715351477978984
ENSMUSG00000020048	-5.701294171450958	0.1199060235337408	62.83220203463254
ENSMUSG00000024423	6.837957664180109	0.1199060235337408	31.137659134478124
ENSMUSG00000022016	6.861804788014411	0.1199060235337408	106.94931605912328
ENSMUSG00000030057	6.875048482217375	0.1199060235337408	133.99218595507676
ENSMUSG00000026204	5.592793727872872	0.12038825682797047	504.1432967232151
ENSMUSG00000026933	6.832994003142512	0.12038825682797047	52.17565644696434
ENSMUSG00000028232	6.8348425224601845	0.12038825682797047	100.51243683122901
ENSMUSG00000035168	6.859822028906375	0.12038825682797047	36.44316384493774
ENSMUSG00000054364	5.08107577582271	0.12061815322221613	642.6460745765052
ENSMUSG00000030134	5.706667658909443	0.12061815322221613	444.88196049258534
ENSMUSG00000041112	6.803586082016326	0.12208844018260219	66.06293755883793
ENSMUSG00000102206	6.75340075043013	0.12245763131170558	105.65251948535217
ENSMUSG00000104148	6.75340075043013	0.12245763131170558	105.65251948535217
ENSMUSG00000103442	6.7611361028148975	0.12245763131170558	113.78931818327925
ENSMUSG00000104252	6.7611361028148975	0.12245763131170558	113.78931818327925
ENSMUSG00000029651	6.767075770656779	0.12245763131170558	220.47350518081785
ENSMUSG00000062234	6.857862705969455	0.12245763131170558	307.171116923587
ENSMUSG00000022892	4.799008699918086	0.12290625878025939	5759.309596904807
ENSMUSG00000031432	6.727373360873108	0.12365747786972817	262.2261129137716
ENSMUSG00000028759	5.302428435916152	0.12387959848804665	244.2023894501316
ENSMUSG00000019927	6.723553458627361	0.12387959848804665	32.708393969131706
ENSMUSG00000066392	4.252398787605462	0.12466633129332008	583.6437713009941
ENSMUSG00000049422	5.303846552262472	0.12466633129332008	668.0948901776306
ENSMUSG00000024213	5.390847162468683	0.12466633129332008	217.38534899154016
ENSMUSG00000020882	5.637912253257171	0.12466633129332008	57.18685967988481
ENSMUSG00000031954	6.668729258588687	0.12466633129332008	43.32016519771868
ENSMUSG00000028452	6.686063933396877	0.12466633129332008	85.46718538764424
ENSMUSG00000033124	6.6905607896395445	0.12466633129332008	271.3527290152251
ENSMUSG00000029146	6.6993826344211636	0.12466633129332008	129.4699129973901
ENSMUSG00000038729	6.705999902385871	0.12466633129332008	77.34001019903121
ENSMUSG00000013698	6.727159367159996	0.12466633129332008	330.6118294066752
ENSMUSG00000032010	6.727568929652282	0.12524750469861928	355.9597698316286
ENSMUSG00000003269	6.661574415439365	0.12545652704078775	56.12678497000944
ENSMUSG00000028710	6.634132473671053	0.12664528688823135	67.35858705715474
ENSMUSG00000062995	6.635147100504998	0.1268200254207105	43.191190342672265
ENSMUSG00000032336	6.593373114433568	0.12958207831054577	608.9769999821905
ENSMUSG00000006299	6.690687174572359	0.12958207831054577	298.69144604147084
ENSMUSG00000004031	5.47493402795724	0.1296663059538169	193.25544000298126
ENSMUSG00000037236	5.711661596303432	0.1296663059538169	314.734146865845
ENSMUSG00000017493	6.164639379172532	0.1296663059538169	303.4430140000826
ENSMUSG00000034902	6.59399701880742	0.1296663059538169	175.3751046704412
ENSMUSG00000001173	6.596356661378817	0.1296663059538169	33.60723862415787
ENSMUSG00000023456	6.597154338281849	0.1296663059538169	356.72680209198103
ENSMUSG00000026469	6.604980403901324	0.1296663059538169	126.07720423263204
ENSMUSG00000041890	6.7487071388981255	0.1296663059538169	49.393276434675194
ENSMUSG00000034825	6.603540557611967	0.13122683235317542	187.06864220270427
ENSMUSG00000042535	4.892296539066051	0.13173447968676655	115.43355288728881
ENSMUSG00000041740	5.127828218457207	0.13173447968676655	392.55261292811815
ENSMUSG00000007617	6.113073463831478	0.13173447968676655	232.1091198260537
ENSMUSG00000036667	6.509542039462315	0.13173447968676655	42.16441654787144
ENSMUSG00000028291	6.524173119601026	0.13173447968676655	48.42324716152669
ENSMUSG00000045180	6.54389722424222	0.13173447968676655	82.32040126927673
ENSMUSG00000023460	6.5035732752173585	0.13283553463324607	84.02683310309054
ENSMUSG00000028351	6.487030087226065	0.13306019055887866	107.02253575467881
ENSMUSG00000021196	6.566774933475957	0.13306019055887866	48.180879952462085
ENSMUSG00000018446	5.593243699134288	0.13315487957434666	108.22646411844262
ENSMUSG00000018411	4.696072898258966	0.13634505385863424	604.7975416229535
ENSMUSG00000018583	5.614553806650332	0.1386835623249009	149.9360591700901
ENSMUSG00000060743	6.542666468719336	0.1394453329478135	290.5496016329567
ENSMUSG00000033910	6.5336658884722025	0.13989712498381437	21.599309595965366
ENSMUSG00000018677	5.396627351803967	0.14015720834696707	448.5739727035512
ENSMUSG00000037098	6.50676635041897	0.1424492080052234	94.211638933189
ENSMUSG00000015222	5.904314266903169	0.14293593135949573	359.53362983935637
ENSMUSG00000032172	3.918993113418655	0.14437888999648948	2135.529331073092
ENSMUSG00000044628	5.043655298016549	0.14437888999648948	562.5964421776107
ENSMUSG00000039485	5.095991164236514	0.14437888999648948	191.01092918733562
ENSMUSG00000038244	5.200390711081332	0.14437888999648948	265.660402350396
ENSMUSG00000024065	5.063971954640814	0.14511277743242243	218.4359074737673
ENSMUSG00000034731	5.896307320443049	0.14511277743242243	79.65252274421108
ENSMUSG00000022477	4.128705534643809	0.145171204778488	663.5400697971266
ENSMUSG00000051323	6.489207499402833	0.145171204778488	378.2156867220922
ENSMUSG00000021288	5.076407869367853	0.14682474253404043	631.961093832247
ENSMUSG00000031284	4.495928284309673	0.14715688862612478	260.0058983646083
ENSMUSG00000028161	4.41567127671242	0.15027789721481674	2282.559407766339
ENSMUSG00000007564	4.527566573932654	0.15027789721481674	790.3127704015448
ENSMUSG00000022223	5.0086937903322335	0.15027789721481674	680.7811974071758
ENSMUSG00000038619	5.183689451096544	0.15027789721481674	216.4986783579346
ENSMUSG00000029581	5.868015727423576	0.15027789721481674	294.3722500380875
ENSMUSG00000002107	4.489264707560024	0.15201702853840826	1558.4466993069634
ENSMUSG00000051695	5.821964626970478	0.1523415103764243	54.80591501335364
ENSMUSG00000044352	5.767508570814948	0.15303047168834163	51.50824509980852
ENSMUSG00000059436	5.186684109429839	0.15484344009853185	209.65372169377855
ENSMUSG00000039542	4.8673265493365045	0.15556145963878118	218.93021529278926
ENSMUSG00000025868	4.9616244599698	0.15630457999184122	182.45509772842172
ENSMUSG00000029053	5.837590171139005	0.16042552098910084	77.14202781800458
ENSMUSG00000042978	5.1780938019201415	0.1626022540025969	225.82490876379774
ENSMUSG00000017291	5.642349876015119	0.16611884378475028	181.2161023071598
ENSMUSG00000029772	5.577532858677575	0.1684736007209906	77.50685950462243
ENSMUSG00000004267	4.720970870699632	0.17194994914894499	1245.3495110068136
ENSMUSG00000020349	4.889333779583021	0.17194994914894499	236.3887686888801
ENSMUSG00000041439	5.537058904197667	0.17563741399830252	117.04491040600152
ENSMUSG00000009575	4.208246649819546	0.18032098268961555	353.62085055981925
ENSMUSG00000032966	3.8493935115581523	0.1817354734806862	2967.1870924509244
ENSMUSG00000052560	5.0359447421715435	0.1817354734806862	66.71770936178464
ENSMUSG00000028032	5.369403346819418	0.18624624289879227	294.7051898494162
ENSMUSG00000028833	4.111900840779386	0.2000373135633996	334.34963309153716
ENSMUSG00000029681	4.730184941679847	0.20208144073980355	80.88758158809122
ENSMUSG00000056851	5.237078319151441	0.20403693539455453	652.5743375762855
ENSMUSG00000032046	4.36892440330912	0.20425254333648651	640.0133641735836
ENSMUSG00000047126	5.256359854365256	0.20425254333648651	258.4271984689035
ENSMUSG00000074781	4.825726758056271	0.21158484257798815	141.88421081587109
ENSMUSG00000021978	5.211334560895978	0.2121493468838016	76.0036871725334
ENSMUSG00000000253	4.043159755716272	0.21396970247867206	120.72463787075841
ENSMUSG00000027777	5.1299653140214305	0.21396970247867206	204.4245170639401
ENSMUSG00000027221	4.065835444081196	0.21967460129848004	375.99750725036205
ENSMUSG00000062380	3.9856271854771106	0.22203871134588238	689.7214806778055
ENSMUSG00000035885	3.864450641188467	0.2259787253126174	2129.2372794484895
ENSMUSG00000040907	3.40438387327183	0.22845415941433983	5796.691677161173
ENSMUSG00000078812	4.318909058991358	0.2286423333831055	702.6861793415865
ENSMUSG00000032612	5.062095593352009	0.2336554318662401	140.12177870015924
ENSMUSG00000032407	4.349571766659129	0.2384038585248026	164.11643231531028
ENSMUSG00000029621	4.274311880813127	0.2394175205615881	242.60861145552855
ENSMUSG00000023036	3.199543446930241	0.2481538495493451	3037.9663635505435
ENSMUSG00000102222	3.199543446930241	0.2481538495493451	3037.9663635505435
ENSMUSG00000102428	3.199543446930241	0.2481538495493451	3037.9663635505435
ENSMUSG00000102440	3.199543446930241	0.2481538495493451	3037.9663635505435
ENSMUSG00000102543	3.199543446930241	0.2481538495493451	3037.9663635505435
ENSMUSG00000102742	3.199543446930241	0.2481538495493451	3037.9663635505435
ENSMUSG00000102748	3.199543446930241	0.2481538495493451	3037.9663635505435
ENSMUSG00000103037	3.199543446930241	0.2481538495493451	3037.9663635505435
ENSMUSG00000103081	3.199543446930241	0.2481538495493451	3037.9663635505435
ENSMUSG00000103088	3.199543446930241	0.2481538495493451	3037.9663635505435
ENSMUSG00000103144	3.199543446930241	0.2481538495493451	3037.9663635505435
ENSMUSG00000103332	3.199543446930241	0.2481538495493451	3037.9663635505435
ENSMUSG00000103472	3.199543446930241	0.2481538495493451	3037.9663635505435
ENSMUSG00000103567	3.199543446930241	0.2481538495493451	3037.9663635505435
ENSMUSG00000103585	3.199543446930241	0.2481538495493451	3037.9663635505435
ENSMUSG00000103677	3.199543446930241	0.2481538495493451	3037.9663635505435
ENSMUSG00000103749	3.199543446930241	0.2481538495493451	3037.9663635505435
ENSMUSG00000103793	3.199543446930241	0.2481538495493451	3037.9663635505435
ENSMUSG00000103897	3.199543446930241	0.2481538495493451	3037.9663635505435
ENSMUSG00000104063	3.199543446930241	0.2481538495493451	3037.9663635505435
ENSMUSG00000104346	3.199543446930241	0.2481538495493451	3037.9663635505435
ENSMUSG00000102918	3.1996327189194558	0.2481538495493451	6075.932727101087
ENSMUSG00000042712	3.5461543923475305	0.2481538495493451	762.4823187099769
ENSMUSG00000038400	4.186780109496757	0.2481538495493451	70.37427858925797
ENSMUSG00000022791	4.243450364669461	0.2481538495493451	267.68264356478824
ENSMUSG00000067242	4.858149863269012	0.2481538495493451	79.64563229442507
ENSMUSG00000020657	4.928235544885667	0.2481538495493451	89.10728431350232
ENSMUSG00000014077	4.316282063932609	0.2519254270644423	301.72863321629643
ENSMUSG00000061718	3.244696127034691	0.25384196955267585	1195.8303377082304
ENSMUSG00000031428	4.089651749049126	0.25637635263646724	773.7907026025232
ENSMUSG00000028102	4.27770827116748	0.25637635263646724	479.02411964133177
ENSMUSG00000038486	3.719399571344152	0.2567934754603879	646.060703767814
ENSMUSG00000024063	4.228327151720302	0.2621753868469454	114.6676540745282
ENSMUSG00000015290	4.007628848070895	0.2629718438810931	131.9793200076747
ENSMUSG00000026239	3.5912506978609877	0.2672179793595844	299.37231831253075
ENSMUSG00000044550	4.663777168535963	0.26750706806291075	322.42046421633046
ENSMUSG00000030122	3.57066902429882	0.27138053469874907	351.7162350863039
ENSMUSG00000013662	-3.8652595131733785	0.27298522970349653	287.88863424550726
ENSMUSG00000032171	3.6068991181683314	0.2736825937014446	131.44071748200645
ENSMUSG00000027210	4.018276907377172	0.2779556104773701	393.58060211626395
ENSMUSG00000067924	3.1821104115174936	0.2805311500759817	518.8410550233274
ENSMUSG00000024425	4.001351322949211	0.2805311500759817	1896.289448414468
ENSMUSG00000028745	4.024828728706899	0.2805311500759817	1571.7009337862917
ENSMUSG00000059482	4.62691832980923	0.2805410146003251	120.10571083780891
ENSMUSG00000027273	4.168397917512211	0.28290873442495706	1156.0159644750604
ENSMUSG00000038143	3.9139630280730318	0.2944274833229309	269.60621529075183
ENSMUSG00000039347	3.1264780229917437	0.2946475214890921	1965.242491374377
ENSMUSG00000027624	3.0121675176096656	0.297210451403358	2091.8380365896983
ENSMUSG00000047547	4.417456216597147	0.2985396531069963	586.287744139816
ENSMUSG00000053477	3.6982174530085032	0.2987334654860489	2959.8098218823425
ENSMUSG00000025855	3.965373921636592	0.2987334654860489	566.2127473649314
ENSMUSG00000030329	2.9251253465622016	0.30045529737831	1748.714599772239
ENSMUSG00000005583	4.4746364140232515	0.3010142802162396	796.8625111457364
ENSMUSG00000004897	3.2354550936405286	0.3021501342707369	1301.9784158421685
ENSMUSG00000029461	3.471290016410495	0.30298453734631126	490.2454466035983
ENSMUSG00000000826	4.385191986720776	0.30298453734631126	648.2780229902187
ENSMUSG00000029033	4.439002338055475	0.30298453734631126	65.79369508768588
ENSMUSG00000005506	3.545278046450401	0.31172996101656936	1044.6218259550567
ENSMUSG00000020178	3.42317361494575	0.31433584928055347	23.532239630036923
ENSMUSG00000034158	-4.3997453451850905	0.3161634456753488	85.93822269361497
ENSMUSG00000053192	3.0659835641880377	0.31774971323857015	592.2760444475987
ENSMUSG00000028266	3.740469562278803	0.31774971323857015	483.3539340397456
ENSMUSG00000015120	3.85763301518989	0.3181754562030996	156.44778161222325
ENSMUSG00000045573	2.8290735195165966	0.3262216878658535	442.44629412151806
ENSMUSG00000054766	3.2626054614581683	0.3262216878658535	186.4850918167889
ENSMUSG00000068696	3.862938660616032	0.3262216878658535	11.350509616213388
ENSMUSG00000022452	4.228693506033093	0.3262216878658535	437.22847739590156
ENSMUSG00000030067	3.8387076338098414	0.3271711846912401	147.31816715589093
ENSMUSG00000048388	3.6748938009096976	0.3315977584740954	278.0912722383141
ENSMUSG00000024873	2.9939768576080485	0.3367032230379274	640.3358724005599
ENSMUSG00000017428	3.651427704170445	0.3374595483660309	808.835564307324
ENSMUSG00000028249	3.6475220886932234	0.3386252087321572	206.09463506770106
ENSMUSG00000019432	2.890576889621219	0.3390174603415909	595.2028215966398
ENSMUSG00000031748	3.249363083911329	0.3390174603415909	1251.877218574572
ENSMUSG00000033389	4.137051299948855	0.3390174603415909	192.1477047428107
ENSMUSG00000025576	2.907629628137763	0.3398945765762134	609.5887648239224
ENSMUSG00000078652	2.9313673375342173	0.3398945765762134	625.9704171599351
ENSMUSG00000039159	3.1392880246545998	0.3398945765762134	199.00806862678868
ENSMUSG00000001419	3.5883938814333365	0.3398945765762134	136.24105054251177
ENSMUSG00000022489	3.6009754164813503	0.3398945765762134	279.63668172203455
ENSMUSG00000018770	2.907614267065549	0.3511863713081892	3046.5766517903658
ENSMUSG00000031730	3.5996002839133188	0.3511863713081892	82.76176517747187
ENSMUSG00000048429	3.6072428105977914	0.3550343634118423	158.30991115747457
ENSMUSG00000026867	3.14612760768556	0.35805265567779815	442.550806479987
ENSMUSG00000096054	3.5092233389409175	0.35805265567779815	225.35181588909995
ENSMUSG00000001687	3.4986136080361327	0.3636838117186865	167.99818768807904
ENSMUSG00000031683	-3.942297663088541	0.3700103471344659	451.5638355041175
ENSMUSG00000027455	2.6577043367877855	0.3700103471344659	1004.4748601191374
ENSMUSG00000001270	2.7553831287309043	0.3700103471344659	738.6875340080622
ENSMUSG00000020368	3.3957953452416527	0.3700103471344659	194.14219162243384
ENSMUSG00000056486	3.1482801845150594	0.37473289676000937	974.3874300227569
ENSMUSG00000013160	-3.4860169227870514	0.38027949959276885	85.16257978036222
ENSMUSG00000008658	3.8813133224922622	0.38027949959276885	360.7411019330055
ENSMUSG00000037400	-3.8886904348284497	0.38414278670424035	260.7801990763181
ENSMUSG00000030718	2.7456165119357454	0.38414278670424035	1233.8990592462928
ENSMUSG00000036225	3.2957932375875676	0.38414278670424035	38.17802344731239
ENSMUSG00000029430	3.825922545577686	0.38414278670424035	75.06397386323758
ENSMUSG00000053119	3.3234519742726905	0.38664443096817613	160.98037293654653
ENSMUSG00000025404	3.846697239948976	0.39574475493844835	524.6689292001453
ENSMUSG00000050751	2.722340848307912	0.39702374827158343	813.5063515679471
ENSMUSG00000006057	2.979704584157599	0.40189910077810764	1619.668718431641
ENSMUSG00000005871	2.8799396501249364	0.4048597403664091	355.39480954926773
ENSMUSG00000045128	3.7334107186897323	0.4048597403664091	1176.049169022561
ENSMUSG00000030058	3.337155155514353	0.4061023986073311	369.13797565680863
ENSMUSG00000030161	3.2616272494990244	0.40626881203626614	530.7871495430534
ENSMUSG00000068923	2.587065355118332	0.4090995762315057	1985.789262943658
ENSMUSG00000048644	3.187755260729281	0.4096584980250359	582.9922821909832
ENSMUSG00000031778	2.9807553817858423	0.4104582839455804	184.05094220733685
ENSMUSG00000032482	3.6949079555330444	0.4104582839455804	521.8122642228275
ENSMUSG00000030421	3.197379551766492	0.4108216719620672	360.6897499277357
ENSMUSG00000036782	3.351981543177229	0.41413809729621637	214.0443475546497
ENSMUSG00000042675	2.5237168249568636	0.4150642799809534	3826.531298578986
ENSMUSG00000027523	2.804062065032691	0.4181353626159023	6960.13823372125
ENSMUSG00000021986	2.818315937596999	0.4181353626159023	518.5902598208868
ENSMUSG00000018326	2.857596628310681	0.4181353626159023	443.3706203839356
ENSMUSG00000030435	3.2995577734228596	0.4181353626159023	1044.107242430884
ENSMUSG00000079477	3.6387019122212867	0.4191389286328504	462.35752891888654
ENSMUSG00000067925	2.38341862477044	0.4200606835096087	876.7375035221022
ENSMUSG00000021248	-4.045910177445305	0.4216983166478973	58.05328415560017
ENSMUSG00000023868	2.8299400422650827	0.4216983166478973	300.3530650493568
ENSMUSG00000007656	2.9441729872535847	0.4216983166478973	2052.7171155444316
ENSMUSG00000028078	2.8734764214648476	0.4298892818974799	382.24207751825776
ENSMUSG00000024403	2.561420917790785	0.4367562698568495	1413.793090468015
ENSMUSG00000026878	2.4553899929300593	0.4477115487010831	722.2408488996166
ENSMUSG00000038453	2.4947030179318777	0.4477115487010831	396.54321051954247
ENSMUSG00000036564	2.262923981028938	0.45045766342400695	7531.946582794452
ENSMUSG00000020612	2.7402285966457653	0.45045766342400695	248.58801399360107
ENSMUSG00000053310	2.3419681474729304	0.45294568584900197	6753.84825001492
ENSMUSG00000030683	-3.496741842648152	0.4531320461234414	416.5152774769095
ENSMUSG00000042390	2.397082727884065	0.4624320736683675	592.4045563751757
ENSMUSG00000026223	2.541320310297659	0.4643673285112097	830.9135977872621
ENSMUSG00000005034	2.3207507919760477	0.4647323981531692	1705.49607919969
ENSMUSG00000015671	3.046524264347044	0.4663213005715627	273.55027110727053
ENSMUSG00000026851	3.35312434090905	0.4663213005715627	77.21687873376717
ENSMUSG00000025369	2.5117698285119228	0.47000300188122535	2893.5217330670175
ENSMUSG00000041729	2.3430216925958343	0.47197731009838684	856.2001845839576
ENSMUSG00000020402	2.5522823269447463	0.47215749392201567	492.03257542756523
ENSMUSG00000024914	2.5640521259392086	0.47912018780764715	1508.2013139584224
ENSMUSG00000027581	2.8815939073217645	0.47912018780764715	986.0906290958723
ENSMUSG00000036371	2.9466057791431477	0.47912018780764715	454.6642644845348
ENSMUSG00000052298	-3.0593522817211167	0.47924594401489656	60.3774408443861
ENSMUSG00000047030	-3.713350953823053	0.4792863016082554	71.46291143597293
ENSMUSG00000070493	2.2271536781423475	0.4836625735301327	735.767806868616
ENSMUSG00000055254	2.6237778814863137	0.4836625735301327	408.5685688586836
ENSMUSG00000021114	2.6402657903875038	0.4836625735301327	928.1333054108361
ENSMUSG00000040606	3.235119978143982	0.4836625735301327	63.6111513413208
ENSMUSG00000060373	3.056626470492302	0.483872220669804	722.0889830792141
ENSMUSG00000046447	2.15698981697015	0.4870202821309169	4645.659075604315
ENSMUSG00000028785	2.5394226931921056	0.49243589402241894	617.8766971565672
ENSMUSG00000058297	2.55027243387859	0.49243589402241894	777.8506429962513
ENSMUSG00000023067	2.8239099648513193	0.49243589402241894	130.25278204439178
ENSMUSG00000025372	2.146690611596288	0.49322817764710436	1203.785407570879
ENSMUSG00000020823	2.5493700173697933	0.4958120159492488	1130.6926285662491
ENSMUSG00000023004	2.613421827542833	0.4958120159492488	451.3187174613639
ENSMUSG00000072235	2.74418738306999	0.49671432608069066	318.24730986970724
ENSMUSG00000071866	2.0907538006177613	0.49939591408302153	8072.559645713715
ENSMUSG00000020580	2.829636595235397	0.5027302365867005	113.06169499368133
ENSMUSG00000005161	2.7168512070346234	0.503365313399535	176.72505234490836
ENSMUSG00000077450	2.7862769955559137	0.503365313399535	692.1284412844801
ENSMUSG00000074748	2.7295387157559254	0.5093586783393326	478.6139287322533
ENSMUSG00000056158	-2.8235964704157666	0.5252404498788333	202.50520254229318
ENSMUSG00000024758	2.394776759917912	0.5260305048418573	1125.5771823320752
ENSMUSG00000019188	2.998897000463837	0.5260305048418573	162.14065280425555
ENSMUSG00000035953	2.7247889963752296	0.5285732584951376	682.4693926799926
ENSMUSG00000067629	2.1429834926964806	0.528629760303379	50.74390784463238
ENSMUSG00000022208	1.9982604640574049	0.5287015556797187	2636.77615230432
ENSMUSG00000022285	2.174417050991699	0.5287015556797187	1083.303722409265
ENSMUSG00000031517	2.3957482430732995	0.5287015556797187	801.2042513135359
ENSMUSG00000040415	2.577353512293517	0.5327370968944857	234.52238830581493
ENSMUSG00000032186	2.70981041079579	0.5358023062810761	328.87685347637915
ENSMUSG00000003410	2.345091808694386	0.5363763500626509	224.49985844722931
ENSMUSG00000020134	2.5680770542366784	0.5369016381547381	92.07878634990368
ENSMUSG00000038805	2.609346799173551	0.5392423152053597	93.80579669455088
ENSMUSG00000060780	-2.7870329623367804	0.5392730857101058	216.40331733366295
ENSMUSG00000020333	-3.2990943699801387	0.5405298309735261	93.53309096447386
ENSMUSG00000076432	2.618603715259497	0.546035910522416	661.7176665015868
ENSMUSG00000027599	2.5127106676891833	0.5468410305421009	137.50093978908998
ENSMUSG00000021194	2.486750583220514	0.5565002606367925	235.1512941706763
ENSMUSG00000024268	2.043530550936617	0.5566448317525915	2813.4506006451857
ENSMUSG00000028430	2.29502603344319	0.5566448317525915	186.16534606022063
ENSMUSG00000006651	2.2541200690151597	0.5581855968178938	1829.1131132118303
ENSMUSG00000049086	2.024954188258367	0.5660764636149281	673.7967743385211
ENSMUSG00000034472	2.5400638067479413	0.5660764636149281	70.06470918947291
ENSMUSG00000047187	2.5750417317765466	0.5678423775286422	319.97440671890087
ENSMUSG00000050071	2.2493622864489953	0.5684232315637553	432.4620476817636
ENSMUSG00000028995	-3.0884318880124697	0.5754450835374888	31.793383819027497
ENSMUSG00000038467	1.8916792476782263	0.5754450835374888	330.0501144937435
ENSMUSG00000026179	1.9621199364777104	0.5754450835374888	862.6021212904383
ENSMUSG00000049556	2.01544900684819	0.5754450835374888	1506.6712934656323
ENSMUSG00000013033	2.505680287120434	0.5754450835374888	1031.9970961370796
ENSMUSG00000036006	2.2164796202322643	0.5798546448285201	52.54102101921071
ENSMUSG00000029819	2.3562379463859284	0.5798546448285201	325.52410268493827
ENSMUSG00000020297	1.8062534817722917	0.5816962283035116	1291.0173665319985
ENSMUSG00000023011	2.111465947323944	0.5816962283035116	639.7344236533513
ENSMUSG00000027763	2.7561379706246614	0.5825151320063479	198.01181216661823
ENSMUSG00000018171	-2.181365451380773	0.5884727920095791	178.79706456488742
ENSMUSG00000026123	1.7631370057818607	0.5884727920095791	482.8088055452475
ENSMUSG00000094483	2.0171232667008048	0.6031784204799967	537.3035466697363
ENSMUSG00000026473	2.1447943581640665	0.6031784204799967	2367.870886635062
ENSMUSG00000046432	2.132918691195615	0.6050299428427017	694.8016621282179
ENSMUSG00000004071	2.2982711535380203	0.6062859532363882	605.3984404460733
ENSMUSG00000062270	1.9215625417313125	0.606655350635142	808.3709752115001
ENSMUSG00000051359	2.595807988524666	0.6081986223167242	661.5780274160563
ENSMUSG00000091337	2.2347328388040117	0.6084171888378415	433.64809265197306
ENSMUSG00000018567	1.7520666396123947	0.6117340511249458	1412.0426778793476
ENSMUSG00000019804	2.2749577595097046	0.6117340511249458	524.0572767462838
ENSMUSG00000070934	2.2095956107137416	0.613731740817764	76.08202245240157
ENSMUSG00000023010	2.025732909110765	0.6177391585979543	735.3483227324454
ENSMUSG00000007036	-2.2680757329801584	0.6198053724402646	570.557327269749
ENSMUSG00000027327	2.04727327111604	0.6198053724402646	392.8934549299757
ENSMUSG00000009569	2.1736394465194393	0.6245413680283712	58.656338853578625
ENSMUSG00000048895	2.274582539445995	0.6245413680283712	246.06878886765594
ENSMUSG00000031134	-2.2600291514017123	0.6302376235254471	257.6175037484936
ENSMUSG00000024012	-2.295485277883344	0.6364068574983888	1374.3913720345251
ENSMUSG00000045763	1.585881419844972	0.6364068574983888	5375.475674414268
ENSMUSG00000047261	1.6761159937693808	0.6364068574983888	1355.5850220786406
ENSMUSG00000020704	1.8785805530122763	0.6364068574983888	311.19682710417936
ENSMUSG00000059923	1.9755667647803523	0.6364068574983888	180.4657211206592
ENSMUSG00000115987	2.1849289026260514	0.6364068574983888	724.5638389636024
ENSMUSG00000015837	1.9476061113333418	0.63665982508346	1127.1994614916653
ENSMUSG00000001924	2.104609665230815	0.63665982508346	480.208266025262
ENSMUSG00000022185	1.6807692756614143	0.6373632880454384	73.6152925564187
ENSMUSG00000040697	1.9721487108753257	0.6413177558802354	44.29486510326325
ENSMUSG00000039952	-2.208344464570779	0.6418908685401532	209.87821143077213
ENSMUSG00000029223	1.6157978901025967	0.6418908685401532	3321.117188251182
ENSMUSG00000031458	1.8841350884997325	0.6418908685401532	169.53914277067264
ENSMUSG00000018340	1.8927380812289056	0.6418908685401532	223.27440242483306
ENSMUSG00000038530	1.901124372312203	0.6419383718108087	713.7945718555331
ENSMUSG00000025204	1.5669076080677404	0.642584517052205	494.5767110991076
ENSMUSG00000030870	2.0600356608121375	0.6428766432083104	80.2678692532217
ENSMUSG00000016541	2.0585155069756413	0.6454985109954577	303.22385761993917
ENSMUSG00000021748	1.8242805307509957	0.6464751060933478	579.6058206732337
ENSMUSG00000030302	1.8720951339600893	0.6464751060933478	909.897388078244
ENSMUSG00000029471	2.04668563498021	0.6498319826897851	317.4847725529052
ENSMUSG00000030695	1.8532246618668857	0.6499132095092317	6952.715845139694
ENSMUSG00000069769	-2.3489265775421067	0.6530433141285371	216.6581170009231
ENSMUSG00000026914	2.0216626011468697	0.6530433141285371	127.15510349973512
ENSMUSG00000020321	2.055095873813935	0.6530433141285371	1147.0396141744338
ENSMUSG00000031996	1.6779753305553382	0.6560738218486848	599.7769503429839
ENSMUSG00000102252	1.5207874133744543	0.6599467403855066	3706.608526413721
ENSMUSG00000020978	2.2672129975283544	0.6599467403855066	86.11736608720724
ENSMUSG00000026434	2.0178708582374996	0.6618352160690473	160.77922357661868
ENSMUSG00000032549	2.2457654882323443	0.6645055652298778	276.004453154229
ENSMUSG00000051853	1.9039894848042855	0.6649806613684385	549.4352726047799
ENSMUSG00000004366	1.57876222352545	0.6651553633473724	1515.1621726279293
ENSMUSG00000028618	1.9907934637577511	0.6651553633473724	298.35590208205826
ENSMUSG00000033863	1.5883937100720202	0.6656217495864347	469.24602140054594
ENSMUSG00000034336	1.4797898909170222	0.6683071576492183	618.4622363622561
ENSMUSG00000006304	1.591120636946156	0.6697675472683262	885.2911301362205
ENSMUSG00000056201	1.4825991524953492	0.6731936647319183	10576.685824074495
ENSMUSG00000031292	1.8884807185091972	0.6798292608388872	124.01750824531892
ENSMUSG00000024052	-2.178054354921694	0.6837805463676943	31.828606195891265
ENSMUSG00000033417	2.1255708999767795	0.6837805463676943	33.30836860039477
ENSMUSG00000049659	1.9334469030010428	0.6892653099025244	62.293109147191686
ENSMUSG00000033350	1.9448402422756492	0.6892653099025244	78.93972284814828
ENSMUSG00000020849	1.3668243605569967	0.6906464934615516	4306.586408564909
ENSMUSG00000037791	1.8494052015163256	0.6906464934615516	147.20016020423677
ENSMUSG00000026576	1.366560158302658	0.6919482875981195	4402.0568571441645
ENSMUSG00000024091	1.6161587301767844	0.6919482875981195	156.04888346420404
ENSMUSG00000006932	1.692638059011865	0.6919482875981195	302.9317064092702
ENSMUSG00000017707	1.9048637446859622	0.6919482875981195	407.86846953083625
ENSMUSG00000049339	-1.8994269493770253	0.6931748838816679	213.73778534975156
ENSMUSG00000017466	-1.6516285533732038	0.6931748838816679	134.48505479398017
ENSMUSG00000001525	1.3434636602794647	0.6931748838816679	1919.2429395070678
ENSMUSG00000019923	1.4259516654963262	0.6931748838816679	2412.398130942553
ENSMUSG00000025738	1.4233831376105026	0.6951958440737682	1594.253417493643
ENSMUSG00000042650	-2.3028875505835598	0.6969098597275125	96.6946046007593
ENSMUSG00000027347	1.679915669689062	0.6975564336108094	517.2204610382721
ENSMUSG00000039717	-2.0706383719378056	0.7021604350204081	535.6116150241619
ENSMUSG00000110195	1.3100213208505742	0.7044927741514033	1315.949842347484
ENSMUSG00000030653	1.3103991706251847	0.7055784390300285	328.45184447411486
ENSMUSG00000030327	1.7902929271080763	0.7055784390300285	276.70179811597575
ENSMUSG00000024807	2.0415868687677112	0.7055784390300285	105.65161732605762
ENSMUSG00000033392	1.5499833300424757	0.7057539893161118	434.2113617393158
ENSMUSG00000028798	-1.7679823360289535	0.706945808118951	64.42410794987805
ENSMUSG00000061762	1.583524751312725	0.706945808118951	231.99136517373273
ENSMUSG00000026439	1.7635390729933809	0.706945808118951	125.16531979301587
ENSMUSG00000057897	1.304784455462945	0.7082750606972716	5633.952315368619
ENSMUSG00000025203	1.5131061354150162	0.7082750606972716	992.8426475870064
ENSMUSG00000022658	1.2558174973962382	0.7184855861609447	2473.990622455791
ENSMUSG00000039601	1.950731912716602	0.7184855861609447	157.23769371124368
ENSMUSG00000021830	-1.979579318366662	0.7186098071752977	45.93801042966073
ENSMUSG00000022840	1.2460065969801524	0.7204489994787563	321.44497807177333
ENSMUSG00000038034	1.5524234641031383	0.7243030200683349	852.2128450527323
ENSMUSG00000037710	1.4385152959037941	0.7274743861435231	128.56141042321252
ENSMUSG00000054871	1.209989618569927	0.7289792485011231	223.19483773893168
ENSMUSG00000031227	1.3559493547098602	0.7289792485011231	227.70948265940643
ENSMUSG00000031812	1.4635579168296093	0.7289792485011231	221.55623340749662
ENSMUSG00000032366	1.6418361399191577	0.7289792485011231	857.5019828924807
ENSMUSG00000068747	-1.7488942479799916	0.7306687659973758	310.229258830777
ENSMUSG00000092232	-1.6975922218070254	0.7306687659973758	297.215131721906
ENSMUSG00000067786	1.4605320417176069	0.7306687659973758	1643.283807408845
ENSMUSG00000024844	1.5092699625821653	0.7306687659973758	627.1734464891767
ENSMUSG00000035864	1.319958638476166	0.7309589379391608	1410.8021608193271
ENSMUSG00000040276	1.4418436089575908	0.731767684811292	2964.2045858519937
ENSMUSG00000029922	1.4356200704878357	0.7335407121994323	152.1792444150137
ENSMUSG00000060450	1.6671449142200923	0.7335407121994323	502.3106663437283
ENSMUSG00000074738	-2.0246255548095764	0.7360373132977167	34.23232164423973
ENSMUSG00000022194	-1.6973971120646643	0.7360373132977167	1482.4920029311988
ENSMUSG00000062591	1.3919030486299635	0.7360373132977167	237.3730648756829
ENSMUSG00000020644	1.4338760105002963	0.7391012654814311	422.54400627975525
ENSMUSG00000006273	1.2186901246194004	0.7416144721315304	569.181032637216
ENSMUSG00000032633	1.5536626548194818	0.7416144721315304	80.81308039179338
ENSMUSG00000024277	1.5552225751798747	0.7423342316129306	642.1115608553367
ENSMUSG00000026833	1.23235356722186	0.7431740594986316	294.7095241839625
ENSMUSG00000039257	-1.7574870982493027	0.7432245001803003	81.04820795620489
ENSMUSG00000024500	1.596921992952445	0.7432245001803003	643.0700152073377
ENSMUSG00000022159	1.538205528045106	0.7447246545220905	226.3626929224405
ENSMUSG00000045038	1.5349561364462607	0.7532539387044156	343.0063534486303
ENSMUSG00000024571	1.5478482831932245	0.7532539387044156	115.3221562116202
ENSMUSG00000059456	1.1707674700891297	0.7535283358682161	3590.6949328239198
ENSMUSG00000020440	1.685485393130025	0.7593396387825393	125.26812410968721
ENSMUSG00000015341	-1.5355669014759086	0.7607960368516609	464.85733530022253
ENSMUSG00000048930	1.6601666186204476	0.7629219820318741	12.116341478628819
ENSMUSG00000029291	1.4716854078985584	0.763152002557685	545.1910509099038
ENSMUSG00000002524	1.4815496939175303	0.7655712629857275	2055.4987508248932
ENSMUSG00000018648	-1.3269897104797928	0.7665048944054615	285.32380714580796
ENSMUSG00000027011	1.4355293247277514	0.7665048944054615	98.82213701974842
ENSMUSG00000022415	1.4179479346149721	0.7667431897633267	178.92870314004503
ENSMUSG00000052534	1.2668280043891007	0.7673638378415752	937.2767081547695
ENSMUSG00000020827	1.4345025989424258	0.7673638378415752	610.8264921660569
ENSMUSG00000038696	1.475163421291168	0.7673638378415752	183.40106464637338
ENSMUSG00000056820	1.4355475616258488	0.7718653554733802	364.8523186260838
ENSMUSG00000025016	1.613212113584826	0.7718653554733802	82.39997333835156
ENSMUSG00000043991	-1.1236060776313048	0.7726396490865097	243.22835020317515
ENSMUSG00000042750	1.4104661254811255	0.7726396490865097	355.21664679478715
ENSMUSG00000027828	1.566568359096656	0.7726396490865097	52.54761830888972
ENSMUSG00000049299	1.5993822722765343	0.7726396490865097	208.67944458577463
ENSMUSG00000005683	1.3585854869783018	0.7737631279714402	90.95168347992694
ENSMUSG00000027244	1.3834211711092683	0.7737631279714402	137.35075830512983
ENSMUSG00000048307	1.3771988389982484	0.7764512135529444	496.7188259476258
ENSMUSG00000030226	1.0019611596912472	0.7799228503681112	396.38740864635594
ENSMUSG00000036306	1.1878777109877432	0.7884635787982395	253.15924032069412
ENSMUSG00000031703	1.2004768127616539	0.7884635787982395	249.78318367412768
ENSMUSG00000054459	1.2489730592013055	0.7884635787982395	465.52856243219014
ENSMUSG00000021096	1.3058471910180283	0.7884635787982395	465.70115905216403
ENSMUSG00000067148	1.313079868409002	0.7884635787982395	85.55525145849226
ENSMUSG00000026797	1.3159935804361653	0.7884635787982395	494.3764101406831
ENSMUSG00000037361	1.3219551336419648	0.7884635787982395	207.51574479827528
ENSMUSG00000056812	1.343172996414221	0.7884635787982395	462.96059132324416
ENSMUSG00000029348	1.2301510844949395	0.7896862499507611	94.71519684641609
ENSMUSG00000026426	1.1575216923871656	0.7973063849334664	305.9517998450073
ENSMUSG00000047976	1.284491119182768	0.7973063849334664	230.03952713116016
ENSMUSG00000036751	1.0997926512111462	0.7976552238760384	1584.4856174514057
ENSMUSG00000040722	-1.5555236746951153	0.7991487781112225	163.81739366266925
ENSMUSG00000021719	0.9657991550741729	0.7991487781112225	967.0940305268595
ENSMUSG00000030037	1.2063077647569564	0.7991487781112225	39.401619238173296
ENSMUSG00000079511	1.2063077647569564	0.7991487781112225	39.401619238173296
ENSMUSG00000022052	1.2286134959771344	0.7991487781112225	134.79066213584338
ENSMUSG00000030894	1.2350849417660341	0.7991487781112225	172.30421333720173
ENSMUSG00000026470	1.2445274145439107	0.7991487781112225	96.69825966446426
ENSMUSG00000025246	1.2611723918723872	0.7991487781112225	221.36897888599051
ENSMUSG00000072704	1.4275124179902885	0.7991487781112225	57.2854261450488
ENSMUSG00000027189	-1.246220250427909	0.8037944873967384	144.8627346025742
ENSMUSG00000024617	0.8974096700583392	0.8037944873967384	12504.752954630383
ENSMUSG00000019194	0.9852155702825156	0.8037944873967384	3333.625088573457
ENSMUSG00000028126	1.0574398996576801	0.8103242748214391	553.3207232832851
ENSMUSG00000017412	-1.3465466854344454	0.8126270065042869	259.4723279541894
ENSMUSG00000026335	-1.2064228898862828	0.8126270065042869	487.50462718437655
ENSMUSG00000030283	0.8729164030717659	0.8126270065042869	60.642399407763286
ENSMUSG00000038916	1.0018240291228353	0.8126270065042869	228.71379713125552
ENSMUSG00000032238	1.143638158178902	0.8126270065042869	145.73383823234354
ENSMUSG00000041263	1.13678483407919	0.8152724377759475	114.14848923378362
ENSMUSG00000110723	0.9834432464699985	0.8162018335814148	224.36506235192093
ENSMUSG00000026074	-1.1404376805331535	0.8169615509248425	143.4999631733944
ENSMUSG00000020585	1.1060222823534804	0.8192567640647145	202.07882419486378
ENSMUSG00000003380	1.148120607890196	0.8198353657328705	423.9101054089431
ENSMUSG00000003872	-1.1143062828267103	0.8198489206862842	151.80623829465122
ENSMUSG00000021087	0.9684499265920831	0.8198489206862842	1318.3405355791563
ENSMUSG00000071234	1.1606581920381918	0.8198489206862842	115.2637737281433
ENSMUSG00000003161	1.2531031550744605	0.8198489206862842	373.9555919613999
ENSMUSG00000016386	-1.2435798430103346	0.8227318552988602	33.01664631985267
ENSMUSG00000041645	0.9619035576108483	0.8227318552988602	727.3395898716943
ENSMUSG00000021794	1.0216437670409155	0.8227318552988602	196.46220828748335
ENSMUSG00000026895	0.9415378798726054	0.8246690129306189	489.8674460195544
ENSMUSG00000056692	-1.354049725986452	0.82467510889636	234.68533657749063
ENSMUSG00000033871	-1.3491341674373705	0.82467510889636	7.511719004009377
ENSMUSG00000024462	0.9637472472912157	0.82467510889636	1217.60374104715
ENSMUSG00000063358	1.1223124494075292	0.8251188862278552	214.44126747527451
ENSMUSG00000020671	1.039302291275878	0.8263939603853819	181.04522358566217
ENSMUSG00000027805	0.9894225618355917	0.8279755842643367	644.5047733984838
ENSMUSG00000054863	1.0409824171690347	0.8279755842643367	167.86392885375867
ENSMUSG00000079037	0.9875690605971507	0.8360402228582842	655.941056513285
ENSMUSG00000010095	0.7940748616336105	0.8433725141647385	2356.3319176347572
ENSMUSG00000026932	0.9796305557442913	0.8433725141647385	449.39412310674146
ENSMUSG00000021917	0.9902945625985344	0.8452168691002263	377.9640626495358
ENSMUSG00000116165	-0.9661145493565019	0.8462073720531001	72.31736647510675
ENSMUSG00000032503	0.853855468436413	0.8472103025079198	281.72039713304923
ENSMUSG00000022099	0.864219533665654	0.8472103025079198	2100.2714702079093
ENSMUSG00000078307	0.826956122100892	0.8491779892130795	414.35917621174315
ENSMUSG00000033578	0.855665810982249	0.8491779892130795	121.59837007995651
ENSMUSG00000027012	0.9704135030918993	0.8491779892130795	1050.2719678439335
ENSMUSG00000027893	-1.0747036395951068	0.8501474088443686	166.4449360114544
ENSMUSG00000031409	0.8537185091768389	0.8501474088443686	186.3369893909525
ENSMUSG00000029106	0.6809219898451677	0.8506924716232093	1701.7439482284344
ENSMUSG00000055447	0.7671304248498196	0.8526238396423911	282.2223159411118
ENSMUSG00000034187	0.9361742702850314	0.8534194409054773	356.42567857183576
ENSMUSG00000027438	0.995659360170693	0.8617468362866871	413.39093324425073
ENSMUSG00000019715	-1.1064635889899233	0.8637249606131248	22.224895148847683
ENSMUSG00000004936	0.7810155345043106	0.8641167933382339	198.67577283351622
ENSMUSG00000019210	0.7715996162699231	0.8653204125667932	1159.6117523818016
ENSMUSG00000026245	-0.6799458991801076	0.8671034926754938	451.7804823270728
ENSMUSG00000026238	0.739686400793363	0.8671034926754938	441.28029417233773
ENSMUSG00000029126	0.788642175510399	0.8687691614313039	274.86636367446204
ENSMUSG00000023106	0.8208429549554015	0.86954314909965	70.23494316206924
ENSMUSG00000029616	-0.951136051396873	0.8730088213781816	79.40505451578886
ENSMUSG00000058655	0.6964793638635743	0.8755516692345303	341.80631633682583
ENSMUSG00000020629	0.787862483463965	0.877523549318812	189.52636870068216
ENSMUSG00000043962	0.7241059337735456	0.8791308490107685	113.36675468356906
ENSMUSG00000000088	-0.6563417156162794	0.8819733454992424	187.046950815151
ENSMUSG00000046480	0.67903200231649	0.8819733454992424	84.55992479816703
ENSMUSG00000029406	0.7101713084842989	0.8819733454992424	589.737106780237
ENSMUSG00000020107	-0.7716240706068205	0.8877212987223901	240.6599658675418
ENSMUSG00000042425	0.8467775412454169	0.8877212987223901	66.90280010066093
ENSMUSG00000030223	-0.8413973372466544	0.8887369319395622	32.294744472024384
ENSMUSG00000019428	-0.7706646387997557	0.8887369319395622	406.47624945195247
ENSMUSG00000021936	0.6402979686340056	0.8887369319395622	146.745188171646
ENSMUSG00000026452	0.730137671739369	0.8887369319395622	459.6746576609847
ENSMUSG00000002948	0.7560055406668973	0.8887369319395622	184.758526095997
ENSMUSG00000029390	0.7928287972902223	0.8940276181209195	169.77097943884064
ENSMUSG00000027708	0.7777750877898392	0.8972612480837693	30.139636213533876
ENSMUSG00000086040	-0.6275008960975119	0.8972787333442457	170.68748013917488
ENSMUSG00000031198	0.6795805541309183	0.8972787333442457	214.73334633385718
ENSMUSG00000022454	0.540066569812725	0.8975085969032345	458.39687836366824
ENSMUSG00000046178	-0.8607840622499888	0.8983436293734984	67.76307357849021
ENSMUSG00000021518	0.6832103339550981	0.8983436293734984	541.0478498213619
ENSMUSG00000052833	0.687853113710576	0.8983436293734984	94.065700294838
ENSMUSG00000042700	0.50252801492231	0.9043026914369341	597.9495243293252
ENSMUSG00000074212	0.5719356831402981	0.9047963520109216	157.59516703135984
ENSMUSG00000027220	0.6895164524901375	0.9138368751608728	297.1494158230144
ENSMUSG00000022043	0.5543603798016288	0.9150391002124963	309.94236437132616
ENSMUSG00000006699	0.45257700174896665	0.9162372799981019	903.9102824483069
ENSMUSG00000055022	-0.6199907114852399	0.9170827275133397	647.5465058218174
ENSMUSG00000033953	-0.6012306325384612	0.9170827275133397	259.6896771020743
ENSMUSG00000073643	-0.5577398491952558	0.9245633804985937	96.77278601809645
ENSMUSG00000023274	0.48798132550798634	0.9245633804985937	54.291102487563755
ENSMUSG00000028656	-0.4439195533317926	0.9248895985373153	82.5838785349269
ENSMUSG00000032601	-0.4027519907671309	0.9248895985373153	297.0873505231791
ENSMUSG00000063142	0.5691827800338453	0.9248895985373153	198.45532447720944
ENSMUSG00000063434	-0.6666363603665195	0.9268459716845866	63.553733587268646
ENSMUSG00000029076	-0.4111064477700881	0.9268459716845866	358.8831271778376
ENSMUSG00000033066	0.45070010238016883	0.9268459716845866	246.04340821280778
ENSMUSG00000021071	0.5397346001883188	0.9268459716845866	153.19882981206717
ENSMUSG00000005078	0.5933598894856165	0.9268459716845866	469.4397017812866
ENSMUSG00000084786	0.6214825962778038	0.9268459716845866	2599.77825733169
ENSMUSG00000021303	-0.5072145712664449	0.9328718882345962	76.53200241038267
ENSMUSG00000028488	-0.3592167778379996	0.9328718882345962	353.5823572485527
ENSMUSG00000047766	0.4923476408443095	0.9328718882345962	172.89016109868226
ENSMUSG00000027184	-0.47753458058122056	0.9384134352739649	76.08689746338928
ENSMUSG00000019943	0.48135641630290193	0.9399306391523033	509.9236074189944
ENSMUSG00000024953	0.3261997268531917	0.9406076983721883	2431.4654965601662
ENSMUSG00000057229	0.4895708111417103	0.9429439558425247	62.4369744475103
ENSMUSG00000028692	-0.5465246558756864	0.9432671242266286	89.4971820713305
ENSMUSG00000030654	0.3397020717532838	0.9453198919355295	432.9087014014268
ENSMUSG00000025326	0.4307179290201252	0.9453198919355295	136.67562701933
ENSMUSG00000024858	0.43585687900373865	0.9453198919355295	631.8073254903699
ENSMUSG00000033557	0.4412209669104406	0.9453198919355295	224.22314533380802
ENSMUSG00000027282	-0.46272456580737475	0.9456968006505433	97.90436438952509
ENSMUSG00000030603	0.4034544072783051	0.9456968006505433	198.29409847936952
ENSMUSG00000027104	0.4746611290834141	0.9456968006505433	393.05275706724376
ENSMUSG00000029095	-0.3961597928334958	0.9469615470953454	119.00574498800324
ENSMUSG00000049517	0.38399972524922343	0.9488827300993339	351.0903475333065
ENSMUSG00000019370	0.2808369108465452	0.9489640493793894	2411.832584968432
ENSMUSG00000035781	0.3304459397552776	0.9489673376222587	515.1450297414506
ENSMUSG00000001175	0.2672333767685694	0.949862114979778	2151.9359749973137
ENSMUSG00000030257	0.3774108151375619	0.949862114979778	183.39047421995485
ENSMUSG00000022964	0.38291235256514605	0.9584408948772263	60.06204355201068
ENSMUSG00000056222	-0.3421041279499483	0.9617032635218249	254.7572393297361
ENSMUSG00000039105	-0.3622074834119916	0.9622901901913514	87.36437959646648
ENSMUSG00000052751	-0.350146920956622	0.9622901901913514	198.81993036170485
ENSMUSG00000039145	-0.30563503354921473	0.9622901901913514	198.50336676287955
ENSMUSG00000031827	0.27714308512052194	0.9622901901913514	121.97392078608675
ENSMUSG00000006050	-0.32511523097868555	0.9653522593375821	177.81637572729545
ENSMUSG00000029050	0.26938457172661945	0.9653522593375821	200.30315197297955
ENSMUSG00000030611	0.3226686431141068	0.9653522593375821	111.7476760877279
ENSMUSG00000063659	-0.2723589162743251	0.9673847752792872	774.4623769585207
ENSMUSG00000057506	0.2650647564332831	0.9673847752792872	45.55717023041259
ENSMUSG00000030967	0.31115716955114986	0.9673847752792872	106.99495098588017
ENSMUSG00000024646	-0.29154045219704183	0.9692986768439561	680.8949590120465
ENSMUSG00000028373	0.2584821150474802	0.9692986768439561	224.66039218306582
ENSMUSG00000000568	-0.23609746272767906	0.9709287765741039	263.9880030975994
ENSMUSG00000048240	0.20004568817136592	0.9740718275350924	664.9589044908296
ENSMUSG00000022421	0.20126132632636906	0.9740718275350924	1580.5284453388097
ENSMUSG00000031066	-0.2291496243712568	0.9773818570708049	150.99831502911684
ENSMUSG00000025190	0.17583293554016993	0.9773818570708049	165.67985390263718
ENSMUSG00000008348	0.23277751204897656	0.9773818570708049	87.24261070708089
ENSMUSG00000029207	-0.20037961128562432	0.9778134200934738	243.01115853466646
ENSMUSG00000052459	-0.19655789526436318	0.9778134200934738	450.345649071563
ENSMUSG00000047260	-0.18398146457474315	0.9778134200934738	128.6563469820059
ENSMUSG00000026032	0.16684430010108456	0.9778134200934738	231.44556958427657
ENSMUSG00000000563	0.18999025310348552	0.9778134200934738	335.0596918140534
ENSMUSG00000003949	-0.18097574713501802	0.9791842585429625	141.0218070281568
ENSMUSG00000017740	-0.13723469725724002	0.9797231925787095	903.3891028996092
ENSMUSG00000040479	-0.18070244648163508	0.9823182647478598	918.2332976999769
ENSMUSG00000028975	0.15679695216604347	0.9823182647478598	36.10929245857898
ENSMUSG00000028703	-0.1472654019553691	0.9834990911305102	57.538944948267094
ENSMUSG00000071662	-0.1356592641258551	0.9855211548157571	212.23733828637776
ENSMUSG00000020149	0.14712568151077843	0.9861743786041967	234.96837991005535
ENSMUSG00000020745	-0.08748534785765921	0.9902290691757151	365.6139586884039
ENSMUSG00000005982	-0.09756979275877062	0.9919164893202087	243.80780973668288
ENSMUSG00000020225	-0.09521822489924817	0.9919164893202087	103.44006488780332
ENSMUSG00000097148	-0.09366831465166031	0.9919164893202087	1057.2011453686791
ENSMUSG00000058793	-0.06974496916699478	0.9919164893202087	459.30970050604526
ENSMUSG00000028419	0.06700317868405167	0.9919164893202087	86.34408842650537
ENSMUSG00000053329	0.07271199634196152	0.9919164893202087	145.78021334184544
ENSMUSG00000028546	0.07559149526626659	0.9919164893202087	257.69580076776253
ENSMUSG00000015476	0.07659825130751671	0.9919164893202087	59.299542715767465
ENSMUSG00000023353	0.08027204873639496	0.9919164893202087	174.45966486422054
ENSMUSG00000024589	0.047358754695626296	0.9963012134533316	262.1997738634769
ENSMUSG00000011752	0.050834231116878265	0.9963012134533316	601.1934872689329
ENSMUSG00000042506	-0.046629039342886924	0.9965163086684947	157.1945008764431
ENSMUSG00000034432	0.035184924040903794	0.9975618969397061	99.0745146689957
ENSMUSG00000051391	0.037464170036855635	0.9975618969397061	608.5218213784727
ENSMUSG00000021716	-0.02240482974375588	0.9987080364054148	62.202936260710906
ENSMUSG00000040785	-0.018355649126944477	0.9987080364054148	756.8088965309482
ENSMUSG00000043419	0.023041989391620776	0.9987080364054148	104.70206168085939
ENSMUSG00000056665	-0.01663647114478145	0.9987339042848778	114.0380561490553
ENSMUSG00000007670	0.008202464023964035	0.9987339042848778	133.4489190417015
ENSMUSG00000028309	0.009721008469968775	0.9987339042848778	35.33668460982491
ENSMUSG00000061887	0.0024447299910978185	0.9993332277372834	384.0170567472934
